[1, 1, 0]
[1, 1, 0]
2
[1, 0, 1]
3
[1, 0, 0]
4
[1, 1, 1]
5
[1, 0, 1]
6
[0, 1, 0]
7
[0, 1, 1]
8
[0, 1, 0]
9
[1, 0, 1]
10
[0, 1, 1]
11
[0, 1, 1]
12
[1, 1, 1]
13
[0, 1, 1]
14
[1, 0, 1]
15
[1, 0, 1]
16
[0, 0, 0]
[1, 1, 1]
17
[1, 1, 1]
18
[0, 0, 1]
19
[1, 1, 0]
20
[1, 1, 1]
21
[0, 1, 0]
22
[1, 1, 0]
23
[0, 1, 1]
24
[0, 1, 0]
25
[0, 0, 1]
26
[0, 1, 1]
27
[1, 1, 1]
28
[0, 1, 0]
29
[1, 0, 1]
30
[0, 0, 0]
[1, 1, 0]
31
[1, 1, 0]
32
[1, 1, 1]
33
[1, 0, 1]
34
[1, 0, 0]
35
[0, 1, 0]
36
[0, 1, 1]
37
[1, 0, 1]
38
[0, 1, 0]
39
[1, 0, 0]
40
[0, 1, 1]
41
[0, 0, 0]
[1, 0, 0]
42
[0, 1, 0]
43
[1, 1, 1]
44
[0, 0, 1]
45
[1, 1, 0]
46
[0, 1, 0]
47
[1, 1, 1]
48
[0, 0, 0]
[1, 1, 1]
49
[0, 1, 1]
50
[1, 1, 0]
51
[1, 1, 1]
52
[1, 0, 1]
53
[1, 1, 0]
54
[1, 0, 1]
55
[0, 0, 1]
56
[0, 1, 0]
57
[1, 0, 0]
58
[1, 0, 1]
59
[1, 0, 1]
60
[1, 1, 0]
61
[0, 0, 1]
62
[0, 0, 0]
[0, 1, 0]
63
[1, 1, 1]
64
[1, 0, 1]
65
[1, 0, 0]
66
[0, 0, 0]
[0, 1, 0]
67
[1, 0, 0]
68
[0, 1, 0]
69
[1, 1, 1]
70
[0, 0, 1]
71
[0, 1, 1]
72
[0, 1, 1]
73
[0, 0, 0]
[1, 1, 1]
74
[0, 1, 1]
75
[1, 0, 0]
76
[1, 0, 1]
77
[1, 1, 0]
78
[1, 1, 1]
79
[1, 1, 1]
80
[1, 0, 0]
81
[1, 1, 1]
82
[0, 0, 1]
83
[0, 1, 1]
84
[0, 1, 0]
85
[0, 1, 0]
86
[0, 0, 0]
[0, 0, 0]
[1, 1, 0]
87
[1, 1, 0]
88
[0, 1, 1]
89
[0, 1, 0]
90
[1, 0, 0]
91
[1, 1, 1]
92
[0, 0, 1]
93
[0, 1, 1]
94
[1, 0, 0]
95
[1, 1, 0]
96
[0, 1, 0]
97
[0, 0, 0]
[0, 1, 1]
98
[0, 0, 0]
[0, 1, 0]
99
[0, 1, 1]
100
[0, 1, 0]
101
