2.289752 0.739574 0.916843
2.289889 0.064990 0.145679
2.349574 0.270691 0.418704
2.351974 0.043858 0.680743
2.391386 1.160388 0.719754
2.419718 1.848127 1.081972
2.419718 2.930099 1.092704
2.457863 1.178320 0.778477
2.480736 0.170362 0.859892
2.480736 1.030254 1.170362
2.483301 1.070661 0.556392
2.483301 1.627053 0.756767
2.492371 0.288994 0.264633
2.500012 0.028839 0.213492
2.507779 0.388619 0.669085
2.551206 0.613102 0.665011
2.556980 0.094930 0.286472
2.572214 0.022063 0.428890
2.572214 0.450953 1.022063
2.586300 0.208429 0.543883
2.616203 0.106581 0.954795
2.616203 1.061377 1.106581
2.623581 2.137485 1.344973
2.623581 3.482458 1.952772
2.627224 1.140252 0.852955
2.661865 0.169661 0.821967
2.676928 1.080283 0.593001
2.714513 2.110840 1.255121
2.714513 3.365961 1.401670
2.714513 4.767631 1.898820
2.714513 6.666451 2.532323
2.714513 6.666451 2.898820
2.779171 0.012874 0.153062
2.788070 0.564737 0.655404
2.827969 1.097997 0.885341
2.827969 1.983338 1.336831
2.827969 3.320169 1.441046
2.862767 0.545391 0.703162
2.892068 0.930060 0.899217
2.901057 0.068991 0.487585
2.905945 0.666617 0.810934
2.905945 1.477551 1.810934
2.931066 0.148315 0.965164
2.931066 1.113479 1.236280
2.934053 0.888177 0.650574
3.002241 1.091963 1.235670
3.062489 1.616566 0.825134
3.062489 2.441700 0.951478
3.095490 4.082557 2.810915
3.152984 0.451615 0.286325
3.166825 0.423991 0.442219
3.211932 0.159197 0.193847
3.233188 0.453093 0.354154
3.257898 0.665086 0.781124
3.293513 0.771448 0.481876
3.304519 0.930216 0.979109
3.312985 1.037532 1.012881
3.312985 2.050413 1.026494
3.312985 3.076907 1.083780
3.331548 0.276982 0.510339
3.361722 0.086641 0.163028
3.376242 0.000418 0.151416
3.376242 0.151834 0.272006
3.397698 0.184792 1.016097
3.445459 0.340639 0.318480
3.479438 0.629599 0.840611
3.519128 1.361232 1.239118
3.533484 0.680408 0.595838
3.533484 1.276247 0.670376
3.533484 1.276247 0.926464
3.533484 2.202710 1.317496
3.556432 0.211674 0.392522
3.617988 0.106245 0.495406
3.696795 1.190335 0.808428
3.696795 1.998763 0.839804
3.696795 2.838567 1.256162
3.706445 0.822805 0.769650
3.710875 0.923394 0.621821
3.762293 0.096477 0.241041
3.792859 0.336159 0.448714
3.792859 0.336159 0.481136
3.847942 0.147974 0.779809
3.890474 2.002936 1.366654
3.905222 0.323130 0.320565
3.924028 0.476944 0.667149
3.926318 0.414433 0.808343
3.926318 1.222776 1.226476
3.935381 0.014416 0.580130
3.938955 1.121704 0.653366
3.992559 0.632573 0.632129
4.072165 0.620752 0.486819
4.120718 0.486556 0.470621
4.161499 0.263261 0.895803
4.183179 0.801343 0.849252
4.197040 0.206008 0.547882
4.262839 0.066161 0.308333
4.262839 0.374494 1.308333
4.271292 2.489702 1.459245
4.271292 3.948947 1.908417
4.276753 0.142477 0.395093
4.289341 0.271943 0.476130
4.289341 0.748073 1.271943
4.291521 0.414960 0.523429
4.291521 0.414960 0.739774
4.291521 1.154734 0.990115
4.401541 0.462227 0.556831
4.452943 0.271687 0.314447
4.512856 0.744375 0.618628
4.564307 0.179004 0.306868
4.566766 0.755424 0.982038
4.576017 0.002820 0.325390
4.659081 0.424099 0.578103
4.667083 0.702019 0.780708
4.667083 1.482727 0.973854
4.672944 0.478127 0.987941
4.713946 0.830947 0.965413
4.736655 2.972310 1.040704
4.771963 0.060322 0.371051
4.819908 0.112195 0.899441
4.924724 0.847342 0.537822
4.924724 1.385164 0.806819
4.924724 1.385164 0.928469
4.951272 0.149593 0.239194
4.954270 0.141147 0.637550
4.976160 0.015390 0.538401
5.031573 0.346189 0.318382
5.101245 0.703295 0.878520
5.128504 0.612916 0.756431
5.225705 1.437502 0.957968
5.227398 1.337363 0.793106
5.227398 2.130469 1.046685
5.241934 0.008701 0.387866
5.249826 0.098405 0.632421
5.258869 0.986822 1.039570
5.280067 1.157327 0.982515
5.295718 1.024208 0.693566
5.354758 1.113431 0.689030
5.354758 1.802461 0.777696
5.369946 1.887742 0.892675
5.369946 2.780416 0.902269
5.380121 0.409524 1.042896
5.382352 0.902470 0.623534
5.382352 1.526004 0.647016
5.394567 1.048623 1.338340
5.407279 0.549139 0.711160
5.480189 0.861643 0.971458
5.503409 0.390315 0.537560
5.569675 0.161332 0.270347
5.600291 0.797054 0.600525
5.706458 1.566491 1.333057
5.767574 0.022246 0.219445
5.769756 0.969586 0.975493
5.783048 1.028654 0.828346
5.783048 1.857000 0.900121
5.783048 1.857000 1.204619
5.788487 0.112014 0.775625
5.788487 0.887639 1.112014
5.813520 0.059547 0.697960
5.813520 0.757507 1.059547
5.881998 0.142308 0.268918
5.889316 0.883813 0.952282
5.918418 0.371415 0.602868
5.918418 0.974283 0.669403
5.927628 0.355620 0.230784
5.930176 0.250584 0.529433
5.940016 0.499252 1.169296
5.940016 1.668547 1.499252
5.954008 0.446581 0.753427
5.977319 0.161109 0.653493
6.039828 1.414851 0.998971
6.083350 1.260633 0.888617
6.083350 2.149250 0.937775
6.097607 0.012444 0.322400
6.126280 0.259221 0.926786
6.126280 1.186006 1.007924
6.126280 2.193930 1.910991
6.126280 2.193930 2.007924
6.140071 0.756787 0.562420
6.155138 0.485873 0.766130
6.204723 0.553892 0.323769
6.213966 0.433978 0.254702
6.229899 0.860948 0.707539
6.229899 0.860948 1.063197
6.229899 1.924145 1.650718
6.339721 0.120680 0.601750
6.339721 0.722429 1.120680
6.443727 0.764124 0.457825
6.489726 0.509468 0.986742
6.505735 3.186891 1.679399
6.505735 4.866290 1.773005
6.505735 6.639296 2.480864
6.514562 0.344382 1.100940
6.555336 0.047283 0.144039
6.563747 0.658925 0.498518
6.594801 0.700256 0.911052
6.619787 0.430249 0.778974
6.724075 0.687979 0.640698
6.756964 0.172144 0.493823
6.824918 0.501274 0.642580
7.000789 0.629260 0.437538
7.006202 0.056219 0.055010
7.102766 0.080299 0.525818
7.131669 0.057479 0.518005
7.132272 1.055467 0.881629
7.159237 0.829810 0.463905
7.166432 0.972542 0.678188
7.237298 0.080204 0.632906
7.248422 0.532169 0.623511
7.248422 1.155679 0.648313
7.295707 1.003318 0.636251
7.306178 0.108259 0.684296
7.306178 0.792555 1.108259
7.310775 0.448994 0.892996
7.322840 0.672333 0.690718
7.344462 0.148677 0.093899
7.368345 0.551901 0.957751
7.434054 0.341082 0.691729
7.495256 0.302776 0.555793
7.549572 0.651793 0.720536
7.614688 0.495839 0.870295
7.618686 0.294447 0.365490
7.646900 0.944447 0.749428
7.691304 0.697351 0.664923
7.708890 0.554791 0.512845
7.708890 0.554791 1.283608
7.708890 1.838399 1.624876
7.734755 0.564269 0.389866
7.763081 0.280393 0.411251
7.775097 0.773128 0.506877
7.861928 0.474810 0.677515
7.861928 1.152325 1.474810
7.873772 0.906284 0.711381
7.886431 1.130718 0.630298
7.893256 0.289277 0.455172
7.906005 0.372698 1.115274
7.906005 0.372698 1.284134
7.910230 0.996513 0.724374
7.951297 1.594748 0.961889
7.951297 2.556637 1.062436
7.956409 0.000957 0.472957
7.956409 0.473915 0.809801
7.995512 0.380430 0.376985
8.016424 0.973521 1.093846
8.024409 0.379159 0.362830
8.037478 0.342581 0.443426
8.053014 0.082057 0.074182
8.053014 0.082057 0.247562
8.141123 0.641241 0.468517
8.177823 0.779524 0.991474
8.209240 0.786152 0.500355
8.240483 0.174705 0.299335
8.258790 0.771467 1.019514
8.299207 0.397725 0.711156
8.341807 0.737638 0.851279
8.350782 0.332731 0.685220
8.352633 0.073108 0.272062
8.377372 0.407785 0.368338
8.383922 0.109922 0.304629
8.403956 0.250928 1.128151
8.403956 1.379078 1.250928
8.438540 0.757676 0.622615
8.451639 0.362628 0.363247
8.457106 0.165734 1.048552
8.471952 0.090257 0.265075
8.513015 0.748192 0.525973
8.570635 0.272313 0.422938
8.603276 0.211504 0.526808
8.644575 0.313651 0.251089
8.654053 0.456275 0.411715
8.654053 0.867990 0.567429
8.656784 0.080125 0.241056
8.676589 0.075920 0.496779
8.688934 0.355758 0.479448
8.702301 0.333555 0.914475
8.711933 0.715029 0.539637
8.711933 1.254666 0.652301
8.719859 0.614231 0.677057
8.726419 0.312532 0.377718
8.737453 0.195440 0.108458
8.737453 0.303898 0.110549
8.739238 1.174762 1.036834
8.751572 0.092014 0.284352
8.766358 0.184845 1.099747
8.766358 1.284593 1.184845
8.800439 1.027693 0.649340
8.800439 1.027693 1.057331
8.831967 0.182680 0.397139
8.831967 0.579819 1.066254
8.865103 0.267387 1.090561
8.865103 1.357947 1.267387
8.870699 0.249916 0.750401
8.870699 1.000317 1.249916
8.912198 0.092707 0.225692
8.976919 0.402227 0.440672
8.976919 0.842899 0.454730
8.987965 0.215487 0.437736
8.992568 0.455794 0.578086
9.020299 0.480708 0.391637
9.020299 0.872345 0.462511
9.036200 0.422692 1.061853
9.036200 1.484545 1.422692
9.038483 0.752051 0.574477
9.038483 0.752051 1.406228
9.038483 2.158279 1.731670
9.062511 0.178044 1.092549
9.062511 1.270593 1.178044
9.080196 0.619002 0.733929
9.152931 0.850519 1.441947
9.192762 1.026750 1.443519
9.192762 1.026750 1.790295
9.192762 2.817045 1.836268
9.213244 0.867218 0.803904
9.239534 1.273397 0.976641
9.241763 0.903816 0.732109
9.260085 0.454023 0.909523
9.261656 0.051545 0.198967
9.270663 0.408148 0.434737
9.328640 0.011334 0.153168
9.345310 0.500787 0.535986
9.354410 0.839926 0.533390
9.354410 1.373316 0.643886
9.354410 2.017201 0.718025
9.387929 0.078888 0.403333
9.480586 0.090346 0.096881
9.500132 0.702947 0.729206
9.500132 0.702947 0.864113
9.540099 0.255378 0.282036
9.566961 0.444324 0.733390
9.607210 1.171413 0.888249
9.619506 0.204554 0.244374
9.626480 0.963535 0.856770
9.636409 0.186937 1.369470
9.643153 0.536316 0.983640
9.643153 0.536316 1.031591
9.643153 1.567908 1.454042
9.647727 0.716239 0.527626
9.647727 1.243865 0.617272
9.671417 0.290021 1.171938
9.722953 0.185467 0.607671
9.748924 0.152932 0.270084
9.764422 0.579048 0.321085
9.818198 0.172166 0.581362
9.848928 1.047759 0.587644
9.852506 0.101574 0.972414
9.923551 0.653648 0.990051
10.003271 0.043350 0.357505
10.003271 0.400854 0.479110
10.041538 0.109137 0.199833
10.088001 1.112570 0.757210
10.093667 0.464853 0.604587
10.149647 0.371644 0.490605
10.167261 0.643925 0.621612
10.167261 0.643925 1.618975
10.211358 1.565153 1.129436
10.246068 1.005696 0.757719
10.246068 1.005696 1.584181
10.252536 0.339092 0.436566
10.303724 1.349083 0.758147
10.303724 2.107230 0.805332
10.334505 0.223399 0.550314
10.431268 1.137263 0.882067
10.471642 0.647595 0.709252
10.471642 1.356847 1.235988
10.471642 2.592835 1.647595
10.474685 0.728780 0.895726
10.482815 0.296147 0.244483
10.482815 0.540630 0.448884
10.482815 0.989514 0.529267
10.482815 0.989514 1.091355
10.526995 1.475700 1.242164
10.526995 2.717863 1.326107
10.559369 0.194888 0.239548
10.591544 0.153478 0.855258
10.591544 1.008736 1.153478
10.599433 0.577925 0.881951
10.610675 0.783491 0.615152
10.613901 0.280371 0.338965
10.655301 0.116956 0.436334
10.677784 1.906421 1.095193
10.677784 3.001614 1.117687
10.677784 4.119301 1.188611
10.677784 5.307913 1.268899
10.699400 0.581212 0.737215
10.706015 0.349338 0.296136
10.745400 0.376697 0.785726
10.757220 1.249908 0.960028
10.815510 0.078495 0.647665
10.815510 0.726160 1.078495
10.884481 0.107932 0.670151
10.884481 0.778083 1.107932
10.885525 0.889865 0.516384
10.891703 0.048028 0.316669
10.897836 0.180239 0.947836
10.897836 1.128075 1.947836
10.953550 0.062924 0.328956
11.049663 0.339369 0.871409
11.073123 0.632812 0.800015
11.135185 0.415320 0.584749
11.175130 0.425292 0.413507
11.175130 0.838798 0.432250
11.182136 0.958618 0.755057
11.234164 0.114118 0.235931
11.234164 0.350049 0.398899
11.250387 0.189943 0.938199
11.349670 0.352749 0.574855
11.349670 0.352749 1.308896
11.437688 0.902184 0.533082
11.437688 1.435266 0.538387
11.446638 0.046535 0.228489
11.477471 0.092912 0.556195
11.539443 0.904918 0.527579
11.539443 0.904918 1.492218
11.621207 0.111608 0.406234
11.645699 0.171059 0.257987
11.645699 0.429046 0.422012
11.767113 1.841238 1.376096
11.768262 0.450551 0.896066
11.768262 1.346617 1.450551
11.784191 0.584045 0.736043
11.807233 1.721409 1.417413
11.824268 0.415892 0.891420
11.836338 0.576197 0.994669
11.870142 0.101863 0.615962
11.870142 0.717824 1.615962
11.872086 0.783079 0.799770
11.872086 1.582850 0.801420
11.910789 0.020000 0.505668
11.931676 0.129812 0.091824
11.932928 0.068178 0.841661
11.932928 0.909839 1.068178
11.945711 0.264281 0.700584
12.022793 0.028879 0.954528
12.041532 1.721618 1.028724
12.060300 1.081236 0.884324
12.144105 1.014839 0.874342
12.192048 0.139706 0.232434
12.192048 0.372140 0.420273
12.201498 0.119325 0.128660
12.224789 0.055077 0.535484
12.233935 0.045884 0.705601
12.251051 0.199282 0.909468
12.273323 0.106820 0.276509
12.278974 0.374467 0.271924
12.292455 1.151517 0.970724
12.307407 1.373173 0.993268
12.307407 1.373173 1.892562
12.323886 0.342895 0.882745
12.325275 0.141744 0.697438
12.366990 1.677132 0.960553
12.366990 2.637685 0.981600
12.421893 3.033264 1.218867
12.448687 0.494847 0.660865
12.494084 0.773849 0.818797
12.494084 1.592645 1.818797
12.521752 0.164673 0.341988
12.537644 0.017838 0.205760
12.649724 0.208992 0.900362
12.657055 0.200692 0.464716
12.657062 1.035360 0.689859
12.657062 1.725220 0.718676
12.689270 0.510959 1.275337
12.758445 0.188097 0.725334
12.841889 0.218147 0.664236
12.880663 0.385703 0.629041
12.934635 1.145339 0.611421
12.934635 1.756760 0.853828
12.934635 1.756760 1.547711
12.986997 0.011777 0.043347
12.991447 0.018661 0.634376
13.047745 0.128599 0.189798
13.047745 0.318398 1.128599
13.067376 0.321638 0.594085
13.067376 0.915723 0.958246
13.137360 0.561496 0.592788
13.172531 0.277102 0.914720
13.205755 0.869266 0.974476
13.218336 0.407667 0.560260
13.306549 0.768897 1.031165
13.307177 0.899170 0.918114
13.334613 0.203827 0.652161
13.411848 0.351210 0.882839
13.411848 1.234049 0.922292
13.411848 1.234049 1.115738
13.427443 1.024145 0.993140
13.475841 0.318689 0.222099
13.490510 0.158060 0.191251
13.491320 0.326174 0.439099
13.533567 0.931535 0.611568
13.533567 1.543103 0.671527
13.547426 0.081537 0.869519
13.547426 0.951056 1.081537
13.547426 2.032594 2.081537
13.572955 0.236983 0.492610
13.573012 0.420130 0.226706
13.576798 0.133764 0.392279
13.617860 0.186940 0.818524
13.618023 0.072364 0.589538
13.634161 0.428906 0.591368
13.712885 0.910997 0.982111
13.726353 0.348274 0.524015
13.726353 0.348274 1.258478
13.774906 0.541392 0.371139
13.774906 0.541392 0.371582
13.793991 0.125673 0.143745
13.887942 0.042671 0.080640
13.887942 0.123311 0.256980
13.887942 0.123311 1.042671
13.920100 0.213516 0.295668
13.943421 1.053350 0.787946
13.971212 0.471133 0.933202
13.986972 0.466415 0.539113
13.986972 1.005527 0.570347
13.986972 1.005527 1.092219
14.004757 0.589792 1.071124
14.004757 0.589792 1.436221
14.022252 0.832059 0.703683
14.035256 0.493018 0.408172
14.101649 1.373440 1.261012
14.101649 2.634452 1.262608
14.120595 0.127929 0.656129
14.125017 0.115615 0.307602
14.189695 0.520705 0.666114
14.228660 0.517415 0.532448
14.249003 0.026263 0.237625
14.303803 0.847508 0.464835
14.402976 0.292002 0.513354
14.402976 0.805356 1.292002
14.423510 0.826047 0.645894
14.423510 1.471940 0.655220
14.425026 0.489540 1.154856
14.432590 0.353523 0.279398
14.458893 0.250919 0.324708
14.458893 0.575627 0.664241
14.472915 1.427999 0.798665
14.480659 0.161923 0.571233
14.480659 0.161923 1.111708
14.499851 0.280194 0.577708
14.524121 0.140171 0.310961
14.524121 0.451132 0.392618
14.541982 0.341614 0.561959
14.552436 1.231360 0.940284
14.681022 0.304357 0.344862
14.681022 0.649219 0.642573
14.698952 0.300288 0.239289
14.735061 0.622448 0.422179
14.744028 0.139970 0.105373
14.750136 0.223895 0.894550
14.750136 1.118446 1.040391
14.752063 0.505304 0.791291
14.753144 0.228005 0.269912
14.761001 0.060424 0.508256
14.769269 0.044391 0.867721
14.777188 0.052864 0.959652
14.777188 1.012517 1.052864
14.789560 0.880762 1.102331
14.856504 1.021236 0.735567
14.928606 0.052326 0.063091
14.939073 0.269311 0.331444
14.959162 0.207209 0.895264
15.006713 0.541834 0.808158
15.053608 1.463623 1.704201
15.067248 0.871183 0.654233
15.124084 0.606811 0.971539
15.140416 0.916660 0.628860
15.185432 0.203656 0.382072
15.185564 0.926123 0.885769
15.209189 0.114656 0.832629
15.209189 0.947285 1.007183
15.245919 0.101931 0.179467
15.245919 0.281398 0.229338
15.280678 0.112381 0.281211
15.360315 0.624770 0.860889
15.360315 1.485658 1.624770
15.402344 1.085512 1.142790
15.428196 1.403055 0.895557
15.467481 0.369889 0.878771
15.475686 0.473104 0.245512
15.485691 1.139637 0.767645
15.575893 0.571479 0.943961
15.611576 0.666501 0.638686
15.611576 0.666501 1.345278
15.652479 1.448572 1.158974
15.652479 1.448572 1.244613
15.677037 0.269819 0.347520
15.677037 0.617338 0.357582
15.684834 1.069548 0.908715
15.693296 0.542065 0.574281
15.767446 0.046654 0.226900
15.776840 2.011183 1.311765
15.785979 0.239298 0.483247
15.839487 0.661447 0.976054
15.892434 0.557969 0.660128
15.927824 1.047031 1.321675
15.944317 0.983249 0.942990
15.944317 1.926239 1.048771
15.980491 0.541611 0.445575
15.980491 0.987187 0.475766
16.006934 0.091851 0.479630
16.061422 0.914354 0.733390
16.062352 0.223206 0.417902
16.084554 0.003536 0.157466
16.136020 0.255375 0.507486
16.214672 0.037394 0.133284
16.230244 0.877836 0.519464
16.232349 0.266245 0.339175
16.269617 0.380559 0.565430
16.280786 0.086971 0.944907
16.309697 0.064191 0.246780
16.358915 0.322926 0.915616
16.407203 0.505768 0.703588
16.472098 0.658687 0.702165
16.504620 0.094778 0.096628
16.504620 0.191406 0.541528
16.651160 1.885684 1.855863
16.651160 3.741547 2.842842
16.663168 0.116292 1.056225
16.732425 0.047936 0.393889
16.732425 0.441825 1.047936
16.755234 0.164772 0.593975
16.761423 2.536289 1.255169
16.761423 3.791458 1.293526
16.761423 3.791458 1.875782
16.806291 0.139673 0.493147
16.833822 0.635659 0.382583
16.850527 0.453835 0.377472
16.880919 0.386211 0.575257
16.925625 0.710322 0.614973
16.943011 0.088176 0.933085
17.005944 0.343680 0.643407
17.013557 0.091382 0.089895
17.051899 1.178455 0.616030
17.051899 1.794485 0.664173
17.052174 1.237106 0.861803
17.052174 2.098909 1.245206
17.052174 3.344115 1.381458
17.052174 4.725573 1.476129
17.052174 4.725573 2.381458
17.084323 0.080505 0.262967
17.108003 0.156451 0.561002
17.178165 0.319938 0.404365
17.296497 1.141175 0.941041
17.299145 0.004661 0.138750
17.329485 0.669999 0.611586
17.368088 0.093121 0.411422
17.375001 1.270766 0.847349
17.484310 0.559839 1.267264
17.515021 0.829924 1.384902
17.530642 0.642446 0.703028
17.569662 0.704225 0.863638
17.700337 0.101822 0.285705
17.737632 0.074892 0.118634
17.737632 0.074892 0.202496
17.753054 0.351477 0.563602
17.809095 0.031268 0.819122
17.823957 0.682881 0.640028
17.843026 0.478637 0.832349
17.862841 0.136798 0.940156
17.868172 0.014242 0.088512
17.875940 0.176247 0.213684
17.884125 0.023833 0.270448
17.891086 0.365001 0.685882
17.956649 3.960580 2.603661
17.979279 0.595782 1.233642
17.979279 1.829424 1.595782
18.042494 0.178420 0.339309
18.080699 0.680177 1.029666
18.100506 0.241302 0.601059
18.100506 0.241302 1.147902
18.100506 1.389205 1.583922
18.111992 0.457115 0.999408
18.111992 1.456523 1.457115
18.121412 0.525869 0.962902
18.142451 0.403594 0.926993
18.146947 0.490161 0.608232
18.171747 0.264693 0.337103
18.240105 1.050518 0.981339
18.304448 0.308131 0.509823
18.310416 0.731060 1.127031
18.320926 0.447005 0.516298
18.328583 0.238527 0.252000
18.337045 0.495478 0.539358
18.337045 1.034836 0.611868
18.337045 1.034836 1.115829
18.360544 0.590547 0.593006
18.360544 1.183553 0.683829
18.362272 0.386067 0.957858
18.400483 0.508079 0.937599
18.437155 0.341676 0.343771
18.443723 0.149624 0.180259
18.504432 1.426467 0.800357
18.504432 1.426467 1.716178
18.504951 0.716474 0.419668
18.504951 1.136142 0.679762
18.512355 0.189929 0.369004
18.522060 0.067783 0.678316
18.591605 0.001652 0.515265
18.657937 1.821592 1.881415
18.679434 0.517586 0.883882
18.718090 0.951915 0.703586
18.721131 0.893071 0.767111
18.721131 0.893071 1.516854
18.748086 0.630176 0.806908
18.783086 0.509779 0.670939
18.783086 1.180718 1.509779
18.801615 0.086302 0.732778
18.828800 0.368321 0.909244
18.871203 0.438326 0.547903
18.871203 0.986228 0.563727
18.905573 0.393364 0.548570
18.905573 0.941934 0.768354
18.905573 0.941934 1.028671
18.963951 1.721110 2.176930
18.963951 3.898040 2.360555
18.990690 0.327840 0.727149
19.030150 0.083332 0.918596
19.073011 1.383373 1.036465
19.073011 2.419838 1.041617
19.073355 0.480619 0.414789
19.166053 0.098625 0.837548
19.214734 0.685077 0.707215
19.236062 0.455879 0.823379
19.246614 0.379401 0.604564
19.279156 1.994440 1.304398
19.279156 3.298838 1.377272
19.285346 1.080685 1.214499
19.305321 2.107546 1.865483
19.460558 0.215602 0.265861
19.462233 0.423526 0.435757
19.467308 0.194683 0.424457
19.541107 0.279949 0.441071
19.583774 0.788344 0.835015
19.585219 1.918529 1.515011
19.633924 0.462487 0.334351
19.638139 0.021317 0.177229
19.670066 0.307280 0.425806
19.690462 0.392715 0.739267
19.691099 0.974089 0.578706
19.731940 0.161010 0.654788
19.736128 0.296407 0.379603
19.736128 0.676010 0.381275
19.778161 0.005537 0.317380
19.797520 0.234003 0.324226
19.847622 0.396501 0.260391
19.858285 0.547099 0.542139
19.858285 1.089238 0.584681
19.858285 1.089238 1.091108
19.868143 0.164966 0.231217
19.908578 0.385047 0.712971
19.927055 0.132441 0.480825
19.928528 0.505230 0.739761
19.928528 1.244991 1.349382
19.943599 0.339011 0.603906
20.070165 0.547401 0.802202
20.087516 0.010591 0.501420
20.087516 0.512012 0.957080
20.087516 1.469091 1.010591
20.096510 0.566344 0.488974
20.148252 0.913176 0.865599
20.162570 0.129827 0.108621
20.214803 0.974380 0.709916
20.214803 1.684296 0.862642
20.214803 2.546937 1.406918
20.214803 3.953855 1.434122
20.218353 0.117397 0.430066
20.230250 1.540286 1.276308
20.311252 0.414629 0.590893
20.345370 0.227074 0.508805
20.346965 1.243821 0.818045
20.347766 0.672056 0.706377
20.351033 1.037824 1.689934
20.356094 0.192647 0.827469
20.356094 1.020116 1.192647
20.363805 1.578720 0.819173
20.461064 0.559373 0.684859
20.508177 1.282336 0.649820
20.521749 1.023349 0.707886
20.521749 1.731235 1.014977
20.527074 0.945720 0.541083
20.532032 0.048660 0.874174
20.532032 0.922835 1.048660
20.564096 0.578893 0.593475
20.572346 0.228625 0.897751
20.594039 0.148056 0.420285
20.615560 0.187321 0.598587
20.615902 0.050673 0.252762
20.639330 0.327976 0.304145
20.648555 0.850385 1.084264
20.670767 0.860965 1.369671
20.670767 2.230636 1.407630
20.744258 1.006882 0.575086
20.744258 1.006882 1.023146
20.762572 0.463192 0.365308
20.821090 0.403702 0.303679
20.821090 0.707381 0.504410
20.825424 0.820124 0.513319
20.829794 0.278829 0.634046
20.832993 0.894507 0.582694
20.844828 0.098231 0.273597
20.845970 0.176504 0.198655
20.873067 0.364437 0.614047
20.873067 0.978484 0.766020
20.907778 0.572417 0.452070
20.914648 0.347278 0.420837
20.949011 0.350907 0.429407
20.959478 1.408811 1.078186
20.979708 0.733542 1.602459
20.979708 2.336002 1.733542
20.995713 0.625585 0.748188
21.116321 0.402113 0.423941
21.281597 0.017163 0.366584
21.288093 0.724748 0.596485
21.299731 0.034311 0.261312
21.332711 0.549854 0.522037
21.350353 0.204472 0.628773
21.350353 0.833245 0.678201
21.350353 0.833245 1.204472
21.396813 0.064664 0.370252
21.408643 0.516475 0.603169
21.430465 0.312323 0.244728
21.430465 0.557051 0.309872
21.430465 0.866923 0.961602
21.430465 0.866923 1.104044
21.449773 0.042535 0.337559
21.477821 0.952230 0.619883
21.507485 0.423187 0.637746
21.515019 0.959047 0.698577
21.515019 0.959047 1.876565
21.515019 2.835612 1.894642
21.536301 0.696195 0.875243
21.554133 0.426406 0.562870
21.556839 0.960868 1.326495
21.556839 2.287363 1.560351
21.594409 0.837200 0.795788
21.604559 0.066828 0.160488
21.608701 0.989404 1.320298
21.610628 0.461391 0.509501
21.612774 1.072574 0.594643
21.620967 0.380888 0.656982
21.624322 0.764901 1.065837
21.669911 0.279325 0.657849
21.669911 0.937175 1.279325
21.687177 0.889071 0.831323
21.687177 1.720394 1.115935
21.687177 1.720394 1.242835
21.700369 0.815594 1.235407
21.706194 1.991188 0.930523
21.807726 0.257314 0.897356
21.807726 1.154670 0.918435
21.807726 1.154670 1.008084
21.843543 0.451989 0.902188
21.885584 0.841281 0.951024
21.923402 0.332781 0.810447
21.945734 0.435742 0.663123
21.969981 0.106861 0.237185
21.984239 0.721585 0.974443
21.997177 0.668122 0.639088
22.016921 0.117731 0.362632
22.042184 0.212874 0.315577
22.042184 0.528450 0.484565
22.045580 0.966378 0.828877
22.045580 1.795255 1.068105
22.072768 1.383671 1.110978
22.072768 2.494648 1.192472
22.072768 2.494648 1.504290
22.084693 0.176388 0.851466
22.095865 0.041387 0.410880
22.098315 0.154260 0.619520
22.125663 0.135355 0.329249
22.149912 1.501384 0.914842
22.205105 0.005022 0.840342
22.233278 0.313395 0.316937
22.270068 0.678837 1.113987
22.277641 0.325373 0.625290
22.391452 0.421230 0.855229
22.461597 0.387813 0.962514
22.520972 1.189939 0.995915
22.523740 0.102783 0.294856
22.534129 0.177779 0.481386
22.550794 1.190011 1.073366
22.550794 2.263377 1.584584
22.576799 0.044329 0.969487
22.623359 0.917579 0.640474
22.628745 0.550703 0.527795
22.639576 0.735851 0.875380
22.655304 0.135420 0.363571
22.775547 0.319985 0.506017
22.826820 0.107798 0.914060
22.835973 0.066095 0.441360
22.860723 0.537742 0.964580
22.880532 0.659016 0.779806
22.945106 0.060834 0.073345
22.972358 0.450920 0.472253
22.991017 1.102100 1.005827
23.004396 0.398617 0.593858
23.015252 0.518186 1.180097
23.015810 0.294509 0.921569
23.017546 0.931981 1.212100
23.017546 2.144081 1.931981
23.029260 0.155474 0.430118
23.029260 0.155474 1.110050
23.126387 0.100211 0.366906
23.179195 0.663632 1.156538
23.190662 0.275435 0.849375
23.190662 0.275435 1.230698
23.222825 0.088051 0.814897
23.222825 0.902948 1.088051
23.236236 0.284040 0.797966
23.282130 1.670395 0.940853
23.356901 0.516723 0.620725
23.384188 4.229558 2.205921
23.384188 6.435479 2.513505
23.384188 8.948985 2.520064
23.391396 0.156182 0.283019
23.405591 1.254059 0.851571
23.423234 0.197036 0.656775
23.442194 0.050111 0.392839
23.489491 0.050775 0.517097
23.526039 0.538248 0.676801
23.548765 0.323631 0.773875
23.562033 0.488050 0.879153
23.593592 0.169544 0.185295
23.625754 0.786807 0.860999
23.625754 1.647806 0.956498
23.671448 0.549446 1.170708
23.671448 1.720154 1.193377
23.671448 2.913531 1.549446
23.682423 1.205943 1.043743
23.698792 0.232710 0.672026
23.716646 0.120260 0.294361
23.830563 0.352088 0.404907
23.830563 0.756996 0.459311
23.830563 0.756996 1.001003
23.853537 0.351740 0.668537
23.928004 0.789624 0.585452
23.953333 0.357634 0.652451
23.953333 1.010085 1.357634
23.967374 0.256438 0.659304
24.003657 0.094610 0.689374
24.061913 0.068353 0.185900
24.124112 0.022272 0.951906
24.129927 0.539281 0.868979
24.190774 0.334888 0.363035
24.197872 0.342291 0.409265
24.210036 0.067797 0.778657
24.210036 0.846454 1.067797
24.238603 0.428037 0.730410
24.246712 1.613691 0.972839
24.246712 2.586530 0.980792
24.262638 0.045612 0.203522
24.348833 0.630836 0.643529
24.368312 1.905171 1.423704
24.379586 0.010150 0.497435
24.428750 0.129311 1.092055
24.451905 0.055224 0.385621
24.505758 0.976285 0.678956
24.532948 0.228378 0.245451
24.571947 0.209387 0.380163
24.574151 0.030442 0.209571
24.574151 0.240013 1.030442
24.580947 0.061691 0.432883
24.609292 0.207789 0.212650
24.626338 0.135151 0.248074
24.641494 0.430918 0.826541
24.721674 0.672741 0.653097
24.729372 0.289541 0.380051
24.735990 0.180983 0.402948
24.736680 0.593451 0.813553
24.745091 0.058747 0.380778
24.756721 1.802406 1.309728
24.756721 3.112135 1.377543
24.763332 0.700576 0.795840
24.776826 0.559461 1.349645
24.949355 0.220880 0.682059
24.989324 1.014196 0.729178
25.030337 0.599713 0.476494
25.065985 0.147577 0.384006
25.070260 0.600714 0.425981
25.070260 1.026694 0.492570
25.081223 2.306467 1.427923
25.081223 3.734390 1.457195
25.125683 0.148269 0.782261
25.176350 0.025171 0.949292
25.178565 0.107722 0.378043
25.294087 0.589264 0.831135
25.310949 0.580152 0.583017
25.325289 0.764525 0.446978
25.328869 0.544109 0.544140
25.351026 0.877967 0.597195
25.352231 0.417385 0.842540
25.430679 1.533391 1.193839
25.472641 0.105567 1.404433
25.522071 0.996822 1.180377
25.535297 0.942520 0.600647
25.569448 0.154868 0.710642
25.569448 0.865510 1.154868
25.580934 0.131865 0.606018
25.650647 0.666439 0.971440
25.687375 0.487645 0.322362
25.687375 0.810007 0.376701
25.708541 0.227272 0.989486
25.711428 0.420817 0.948550
25.711428 1.369367 1.420817
25.715455 0.274980 0.842480
25.730499 0.022028 0.299814
25.734487 0.612492 0.733017
25.734487 0.612492 1.806111
25.745491 0.237285 0.405018
25.864040 0.373082 0.453140
25.911489 0.604594 0.580355
25.916493 0.028393 0.207358
25.940798 0.675619 0.668860
25.965481 0.446738 0.429191
25.974161 0.359565 0.641026
26.031673 0.449609 0.373574
26.050584 1.640441 0.849640
26.121587 0.255647 0.494066
26.127181 0.994253 1.140881
26.223078 0.490001 0.765563
26.242763 0.899680 1.207190
26.246349 0.070620 0.155673
26.246349 0.226293 0.336415
26.281207 0.305403 0.517654
26.306252 1.223252 0.969121
26.306252 2.192373 1.029987
26.325795 0.493254 0.928183
26.325795 1.421437 1.032259
26.338016 0.535014 0.664205
26.343409 0.018142 0.527034
26.389120 0.761400 1.464350
26.442062 0.308013 0.349168
26.465097 0.041781 0.148642
26.519504 0.257459 0.269814
26.531889 0.329821 0.499139
26.537806 0.142531 0.169670
26.545678 1.002680 0.641007
26.545678 1.002680 0.658698
26.590018 0.201576 0.257184
26.599369 1.128999 0.727350
26.646873 0.073164 0.400402
26.691957 0.413422 0.718147
26.696918 0.801930 0.365470
26.721790 0.665960 0.980614
26.752261 0.523113 0.292632
26.752261 0.815745 0.353458
26.771507 0.238401 0.286586
26.772493 1.416156 1.646715
26.776868 0.328934 0.375153
26.778599 1.188949 1.127814
26.778599 2.316762 1.411492
26.778599 3.728254 1.534487
26.868985 0.780853 0.819518
26.876283 0.084317 0.351774
26.882896 0.191991 0.440617
26.905318 0.413733 0.597876
26.925169 0.375255 0.381997
26.947211 0.036165 0.436284
26.953447 0.221311 0.838541
26.973244 0.678624 0.612980
27.018084 0.371687 0.437676
27.051648 0.751100 0.947765
27.058453 1.408850 1.033932
27.058453 2.442782 1.119029
27.092605 0.443025 0.758522
27.104124 0.390883 0.399099
27.146887 0.188936 0.490819
27.152127 0.012758 0.474497
27.160389 0.323698 0.564417
27.171157 0.526597 0.706952
27.175899 0.184283 0.505829
27.186276 0.818966 0.501225
27.186276 0.818966 1.466622
27.207111 0.097375 0.094014
27.229707 0.329521 0.728204
27.276490 0.372907 0.358830
27.291863 0.489501 0.429516
27.291863 0.919017 0.469439
27.317514 0.712976 1.193211
27.317514 1.906187 1.712976
27.390672 1.691655 1.048524
27.390672 2.740179 1.750183
27.390672 2.740179 1.775550
27.390672 4.515729 2.775550
27.397602 0.230763 0.262832
27.397602 0.493595 0.403452
27.437187 0.433413 0.590728
27.536032 0.481055 0.795610
27.536032 1.276664 1.481055
27.553522 0.358105 0.704996
27.567332 0.517188 0.562955
27.585074 0.316358 0.421419
27.597483 1.118229 0.637912
27.609217 0.923947 1.033033
27.665604 1.173570 0.975297
27.665604 1.173570 1.628625
27.665604 2.802195 1.832557
27.666166 0.306528 0.410327
27.672976 0.556676 0.937428
27.749963 0.311157 0.387185
27.749963 0.698342 1.311157
27.849647 0.126642 0.390410
27.883676 0.797322 0.437923
27.889048 1.208888 1.489067
27.889048 2.697954 2.104444
27.906326 0.288336 0.642606
27.906326 0.930942 1.288336
27.976528 0.099782 0.155922
28.005963 0.102237 0.095638
28.010715 0.938990 1.110324
28.058476 0.338300 0.529780
28.068400 2.433298 1.055618
28.068400 3.488916 1.094438
28.166824 0.043259 0.777867
28.176791 0.217173 0.564314
28.196712 1.177166 1.117614
28.196712 2.294780 1.117845
28.232355 0.288034 0.451543
28.237195 0.026689 0.336095
28.243026 1.093852 0.995511
28.395188 0.436563 0.332689
28.395188 0.436563 0.705321
28.401694 0.065005 0.754259
28.402431 1.581976 1.379339
28.402431 2.961315 2.290988
28.410494 0.575774 0.649856
28.414714 0.136866 0.370924
28.417355 0.181762 0.660969
28.472166 0.671926 0.568677
28.472166 0.671926 1.391031
28.487291 0.284891 0.752475
28.528423 0.079042 0.659591
28.537607 0.221381 0.236764
28.556830 0.252323 0.829199
28.589547 0.833653 0.455822
28.722689 0.830519 0.546986
28.722689 1.377505 0.615869
28.756441 0.885041 0.663013
28.832756 0.398467 0.354347
28.839516 0.135885 0.195274
28.863907 2.132557 0.839273
28.863907 2.971830 1.316287
28.875730 0.010513 0.867349
28.979090 0.825718 0.805661
29.025286 0.289119 0.332916
29.051822 0.798812 0.471839
29.063065 0.249119 0.922215
29.069640 0.268921 0.283199
29.069640 0.552120 0.326269
29.156320 1.067676 0.707035
29.168119 0.189090 0.756131
29.201209 0.762591 0.421116
29.204442 1.624557 1.668837
29.223792 0.466086 0.639645
29.223792 0.466086 1.410243
29.239243 0.054043 0.181931
29.239243 0.235974 0.826228
29.239243 1.062201 1.054043
29.267353 0.512959 0.490137
29.384041 0.027732 0.601168
29.389329 0.384496 0.530447
29.438718 0.389719 0.775493
29.438718 1.165212 1.163142
29.507369 0.024273 0.296621
29.600560 0.123251 0.747518
29.607815 0.499159 0.921581
29.632844 0.316097 0.673847
29.632844 0.989944 1.115469
29.632939 0.593773 0.644511
29.654171 0.209184 0.828446
29.672751 0.135788 0.422833
29.672751 0.558621 1.135788
29.672751 1.694410 2.135788
29.709415 0.807163 0.602448
29.709415 0.807163 1.516698
29.783419 1.085331 0.743834
29.791057 0.009018 0.150143
29.822148 0.315253 0.362944
29.828298 1.077400 0.742990
29.866477 0.246622 0.170127
29.866477 0.416749 0.254450
29.950903 0.293481 0.627129
29.950903 0.293481 0.898545
29.950903 1.192026 1.275393
29.961241 0.590855 0.764098
30.012360 0.544874 1.269502
30.047526 1.527217 1.896386
30.053724 1.556887 1.575974
30.069756 1.131579 0.822275
30.079101 0.045934 0.669978
30.079101 0.715912 1.045934
30.111199 0.574249 0.367543
30.128783 0.264638 0.280285
30.137326 0.769655 0.641635
30.141599 0.053473 0.952174
30.141599 1.005646 1.453473
30.185020 0.226342 0.338576
30.209900 0.674351 0.669775
30.260221 0.210024 0.228169
30.269390 0.068008 0.842312
30.282336 0.618497 0.912260
30.293929 0.601217 0.943140
30.341836 0.115105 0.527508
30.349676 0.482139 0.800755
30.355803 0.296446 0.578017
30.362907 0.596726 0.808969
30.396110 0.185639 0.331498
