3.6981159781
3.5799341204
3.59905113998
3.6165466065
3.57880987765
3.72076089418
3.62132828351
3.61102093774
3.62880256789
3.64118681798
3.53176988869
3.57207334551
3.64386032923
3.6356226484
3.59625310467
3.59019752181
3.62489625443
3.63766314993
3.58630774994
3.62737989706
3.58513924288
3.59548983639
3.66424969045
3.64991965308
3.60001050429
3.59027757284
3.58979674504
3.63678114255
3.66089119819
3.65185538981
3.62995666111
3.62941716491
3.61605432483
3.65863646754
3.58778980083
3.7009800387
3.66788083168
3.57207162335
3.62293193943
3.64739469548
3.55755839024
3.62286569894
3.6463492135
3.57080414557
3.55208290591
3.6040600107
3.64134560024
3.58335287887
3.5646292423
3.59139784329
3.51631003599
3.72113482378
3.60319162331
3.61124161338
3.59687780611
3.5987146294
3.60719340475
3.62485720019
3.55547255645
3.61561000583
3.6348587494
3.61099821965
3.66573123286
3.56288712559
3.6129661552
3.62724469224
3.56579696223
3.68806284373
3.619238888
3.58416881453
3.64737100266
3.5820495179
3.71263815955
3.57618522176
3.61961592089
3.62060817797
3.68167430498
3.62429575763
3.59646170502
3.59100155346
3.62067480771
3.63135299607
3.59577897303
3.6213746741
3.60982279901
3.62456358062
3.58018126074
3.58976925983
3.58996400813
3.54813645744
