0.108915 0.534441 0.806854
0.112028 0.000000 2.523009
0.116421 0.851177 1.909685
0.119444 0.000000 1.069492
0.125539 0.985599 4.436653
0.126246 0.000000 1.272015
0.132846 6.247352 6.649104
0.138495 0.159275 6.099114
0.139067 0.000000 0.360423
0.142363 2.676851 15.577565
0.147815 0.000000 -3398.465337
0.152535 14.066421 2.999065
0.153853 0.000000 1.955698
0.156340 0.000000 3.012193
0.158920 2.832489 3.292841
0.164050 0.000000 2.831782
0.169695 4.904969 5.875448
0.179543 0.000000 2.847636
0.186239 0.000000 0.665361
0.190651 0.000000 -5248.082825
0.195938 3.184443 5.103173
0.203950 0.000000 -5348.251367
0.213067 6.194415 7.625793
0.213609 1.848753 2.302927
0.223462 0.000000 0.360599
0.231039 0.000000 1.069199
0.231090 0.000000 0.742069
0.240913 0.000000 1.032647
0.246505 1.192868 2.691999
0.255360 0.000000 2.730304
0.259082 0.000000 0.291450
0.261983 0.000000 1.394612
0.271871 9.432098 10.365398
0.275943 3.376608 7.389446
0.282328 12.532123 14.815362
0.287197 9.438495 12.570615
0.292919 0.000000 2.397863
0.294805 0.000000 1.009655
0.300476 0.141881 1.414568
0.305509 2.250472 3.065847
0.305696 0.000000 1.271270
0.315455 1.122866 2.972396
0.319005 0.000000 1.639690
0.319722 0.000000 0.000000
0.325743 2.318841 4.160465
0.329369 0.000000 0.685155
0.331060 4.590504 4.679086
0.333662 0.212951 0.944222
0.335946 2.317256 2.454360
0.341518 0.000000 0.180219
0.343744 16.696343 17.258667
0.345529 0.000000 -14636.917709
0.348953 4.148805 1.215818
0.355007 0.000000 1.504632
0.356961 1.555050 2.074258
0.360151 0.000000 1.365910
0.364621 0.000000 1.652113
0.365577 0.152893 3.319473
0.373837 3.287095 3.366142
0.378940 3.122510 6.217572
0.381609 8.981652 10.829218
0.384060 0.000000 1.213307
0.384196 1.285760 2.147437
0.384685 9.184948 10.630892
0.390626 0.823700 1.316091
0.396907 22.907158 23.583769
0.397056 0.000000 7.052553
0.397298 7.448688 11.685404
0.398601 0.000000 1.554256
0.408003 0.000000 1.105367
0.413992 0.000000 3.339539
0.417298 0.000000 3.348805
0.422860 0.995154 4.435884
0.425702 1.687985 10.140702
0.434352 0.000000 5.923757
0.436000 0.000000 0.007877
0.439919 0.000000 3.008547
0.442124 11.442009 11.520176
0.443013 0.000000 1.038209
0.449336 0.000000 0.860294
0.457895 3.365399 5.892894
0.465093 2.263565 4.024238
0.472828 10.951502 13.278780
0.474210 4.707916 9.089153
0.475225 0.000000 4.340412
0.483429 0.000000 1.477217
0.484710 4.147456 4.420873
0.485462 12.382999 14.924015
0.488992 8.518847 13.312954
0.490394 7.555325 7.902621
0.495279 0.000000 1.173621
0.499442 0.000000 2.911761
0.508459 0.000000 4.085418
0.515541 0.000000 2.944186
0.523486 2.867648 4.652615
0.528115 0.000000 4.533557
0.537088 0.798751 1.192840
0.541866 0.423444 5.528572
0.545969 1.331025 2.212373
0.553454 0.124142 2.518314
0.555683 0.000000 1.320748
0.556341 0.000000 0.728265
0.557846 0.000000 1.978002
0.559655 0.000000 0.172745
0.560327 2.556215 6.055788
0.565250 0.000000 1.841081
0.572329 0.000000 6.036184
0.576412 1.623703 2.952007
0.582700 0.000000 1.426659
0.585517 12.028067 13.326628
0.590222 8.418924 8.947685
0.590791 0.000000 2.941383
0.595648 0.000000 2.921993
0.605083 0.000000 8.203695
0.611663 0.000000 1.728991
0.613125 2.735958 3.554979
0.619263 0.000000 -33898.758847
0.624570 14.382949 12.134845
0.634280 3.372191 4.930035
0.639348 0.000000 1.967609
0.644253 0.000000 0.565223
0.648509 0.000000 1.882661
0.652364 6.574676 7.254588
0.655615 0.000000 0.986033
0.661690 0.000000 0.580885
0.664670 0.000000 0.835188
0.667319 0.000000 1.294554
0.669951 10.529088 10.940287
0.673765 2.094722 3.042854
0.679932 0.365213 0.997667
0.688421 4.506262 5.454540
0.697468 0.000000 1.404010
0.706871 0.000000 1.289796
0.716544 0.000000 1.327295
0.717340 0.624483 7.542227
0.723256 0.000000 2.870987
0.724706 0.000000 1.645810
0.726603 6.266626 6.376282
0.733906 0.000000 1.160381
0.736415 5.285149 6.676242
0.743974 0.000000 1.016784
0.749440 19.167879 19.205418
0.759186 0.000000 0.109121
0.763253 0.000000 1.502093
0.772953 2.311880 3.774483
0.780991 0.000000 5.803282
0.783051 7.823368 10.289626
0.787554 0.000000 0.242467
0.789319 0.000000 1.962219
0.796955 0.231257 1.091246
0.800542 9.391053 9.653330
0.802968 1.011394 6.540646
0.809973 0.637421 2.542809
0.817637 0.000000 3.897033
0.819551 1.639085 6.344318
0.829282 0.000000 8.903664
0.833696 0.000000 2.450778
0.835217 5.673374 8.067535
0.841779 10.039971 13.178883
0.845784 0.000000 3.685723
0.848826 3.155501 9.465553
0.857712 0.000000 1.221262
0.859424 5.685681 7.814167
0.867268 0.000000 5.733049
0.867934 1.006528 1.999620
0.871352 0.672984 2.167079
0.877659 0.000000 1.234842
0.886872 0.000000 1.087095
0.893599 0.000000 2.121153
0.897618 3.071567 3.136853
0.906606 0.000000 1.294312
0.910342 4.209746 5.621862
0.910375 4.457351 6.279412
0.913809 0.000000 0.457053
0.921133 0.000000 0.258773
0.921385 6.682299 7.299376
0.930179 3.522670 3.781179
0.931687 0.000000 0.544420
0.937977 0.000000 1.633450
0.942295 9.212433 11.254609
0.943372 0.000000 0.313649
0.948948 1.119281 2.186476
0.950269 0.881779 0.922539
0.957072 0.000000 0.597893
0.965746 8.094149 13.730219
0.975493 0.131830 1.206062
0.984287 5.441766 5.981819
0.988932 5.481445 10.080265
0.989144 0.000000 1.714038
0.993004 1.736336 3.479400
0.999684 6.989956 9.995173
1.003781 0.801658 3.195224
1.006961 16.491391 19.536886
1.008808 0.000000 0.500552
1.015443 2.388441 4.862111
1.023612 7.273206 10.762188
1.028203 4.243409 7.132839
1.029977 0.000000 4.750083
1.036610 13.987042 18.068378
1.042884 0.000000 1.059570
1.043822 9.869414 10.903805
1.049050 0.000000 2.381997
1.055290 5.603495 6.801705
1.064768 0.000000 0.602328
1.072351 0.000000 3.334144
1.079112 0.000000 0.359027
1.084724 0.000000 0.435464
1.091727 0.000000 0.360273
1.093335 0.000000 0.757416
1.095408 0.000000 3.913255
1.100561 0.879190 2.272264
1.109335 0.000000 2.288815
1.119115 4.123880 10.473293
1.124083 0.000000 1.078779
1.124445 15.603134 21.403076
1.133204 0.000000 2.188476
1.140833 0.000000 1.977527
1.141970 6.191198 6.291398
1.148794 15.838120 15.999933
1.155451 17.658070 25.116719
1.164971 0.000000 -68205.408737
1.169175 63.494784 44.797916
1.169424 0.000000 1.635647
1.175160 0.000000 1.074611
1.177474 0.000000 2.735863
1.180642 0.000000 6.759480
1.188754 2.810875 9.159321
1.197030 0.000000 0.448235
1.203619 1.612529 2.805886
1.206001 7.695469 9.188027
1.207492 1.236596 3.147299
1.215969 0.000000 2.796505
1.216406 16.830154 17.646233
1.218685 0.000000 4.953252
1.220235 0.000000 0.887802
1.224796 3.236208 5.959850
1.227651 10.952004 15.178408
1.227737 12.065997 14.047485
1.228149 0.000000 0.128950
1.230666 0.000000 0.325032
1.237429 0.000000 0.537411
1.241236 0.000000 0.557531
1.242380 0.000000 0.000000
1.242469 0.035959 2.725921
1.247335 0.000000 0.606744
1.251972 0.000000 4.137539
1.258389 0.000000 2.052458
1.266844 0.000000 0.037163
1.267457 0.000000 2.330892
1.267766 1.674383 2.171256
1.274508 0.000000 2.071108
1.278831 0.000000 0.113942
1.288538 0.000000 1.069516
1.295274 0.000000 1.685642
1.304041 5.811963 12.188883
1.307559 0.000000 0.571166
1.313827 8.154849 8.752362
1.320822 2.960952 8.046585
1.327033 0.000000 2.223962
1.332768 6.740884 8.360198
1.342294 7.871653 8.474778
1.346587 0.709199 0.909257
1.355856 14.234305 14.361931
1.364862 0.000000 4.090715
1.370718 8.158208 9.853646
1.376913 0.000000 1.655726
1.379788 1.018519 1.405811
1.384445 0.000000 3.626425
1.387391 0.000000 0.676461
1.392919 2.298336 2.341250
1.397768 0.000000 0.224773
1.407240 0.000000 3.941181
1.409738 0.000000 2.316730
1.416650 0.000000 2.002255
1.423648 1.035065 1.156721
1.432189 0.000000 5.379507
1.434635 0.000000 2.175723
1.436575 0.776179 3.277980
1.441280 0.000000 4.530295
1.446713 0.000000 1.230961
1.451794 1.759699 3.003208
1.455073 0.000000 1.136633
1.462027 0.000000 2.405468
1.462228 0.000000 3.502329
1.468086 0.000000 2.298966
1.477445 8.016360 9.000898
1.477594 0.000000 0.807086
1.487547 4.695154 4.929548
1.496958 0.000000 1.058520
1.502976 0.000000 1.345050
1.507564 0.000000 0.007831
1.517397 0.000000 0.191176
1.518338 0.000000 0.493230
1.519394 4.928893 5.842375
1.528029 7.182082 11.190261
1.531963 0.000000 1.730842
1.533278 0.000000 3.330061
1.533806 2.796138 6.169967
1.543264 0.000000 0.866709
1.552104 1.335568 1.357997
1.560982 4.976797 5.481618
1.566926 0.000000 0.840005
1.569146 9.168826 10.012053
1.571559 0.000000 0.802516
1.578533 6.582998 7.612978
1.580084 15.833099 18.221112
1.585080 0.000000 0.160683
1.589240 0.889275 2.996867
1.595759 6.737109 9.685237
1.600592 2.153482 3.568202
1.608477 0.000000 -92086.705001
1.616302 11.466415 1.844654
1.619962 0.000000 0.829358
1.622176 7.598202 7.865764
1.623801 8.233171 9.474597
1.630250 0.000000 4.438948
1.631563 0.000000 0.000000
1.632264 0.000000 1.592926
1.633102 0.000000 2.597545
1.641504 2.419974 4.495278
1.649018 0.000000 0.055334
1.651028 0.000000 12.583800
1.659308 0.000000 7.107750
1.668200 0.000000 2.721734
1.670203 1.627315 2.315365
1.671859 4.603631 6.063560
1.679812 0.000000 0.392085
1.689208 0.000000 4.273622
1.695866 0.000000 1.061651
1.700882 0.000000 6.251054
1.707624 0.000000 0.565544
1.714961 0.814892 9.079533
1.724477 1.813989 2.303681
1.734134 0.000000 0.093035
1.739004 0.000000 1.254264
1.741506 0.000000 0.332527
1.742294 4.149632 4.367468
1.746061 1.569323 7.667563
1.755987 0.000000 5.128676
1.756720 0.000000 5.251806
1.758112 10.540707 11.781299
1.765740 0.000000 8.863100
1.770146 2.229523 4.353160
1.776569 6.259323 6.809918
1.786431 0.000000 0.089536
1.792346 0.000000 2.268158
1.795515 14.410479 15.697501
1.797489 0.000000 0.796303
1.799865 12.405129 12.509482
1.803350 4.314502 4.407909
1.809555 0.000000 0.487604
1.812604 3.290447 11.008242
1.819243 0.000000 2.569416
1.821085 2.078248 2.752510
1.821322 0.000000 0.813237
1.830491 0.000000 0.839075
1.833520 0.000000 4.114695
1.833572 0.000000 0.832623
1.837834 12.509048 13.931976
1.840623 0.000000 0.511350
1.841537 3.271283 -105650.912435
1.843959 13.202056 13.896386
1.844265 9.272612 11.950090
1.850512 0.000000 3.127502
1.856781 3.813732 4.725065
1.865000 0.000000 0.830657
1.870876 0.000000 1.652829
1.878909 0.943198 2.082628
1.887900 0.000000 0.666954
1.890494 0.805267 0.812746
1.893908 3.124123 5.330163
1.900390 0.000000 1.289496
1.910257 0.425481 2.001098
1.917323 0.000000 3.210598
1.921618 0.423679 0.690088
1.929842 0.000000 2.042801
1.932949 0.000000 0.248206
1.942698 0.000000 0.997533
1.950543 0.000000 0.587560
1.954950 8.990694 9.455915
1.962846 0.000000 -110305.739961
1.966586 18.872748 18.618025
1.969246 0.873494 1.897285
1.971175 0.000000 0.465775
1.978546 9.053656 11.497562
1.980159 0.000000 0.522910
1.983309 2.632232 2.729301
1.985090 1.292166 3.977922
1.989367 3.422782 3.444690
1.996659 4.084856 6.290048
1.996853 0.770146 1.908466
2.003652 0.000000 1.406029
2.008790 0.000000 5.018471
2.010620 0.000000 1.637199
2.013150 14.209635 14.555479
2.019672 0.171669 1.078248
2.026163 0.000000 0.432506
2.030926 20.984806 21.490444
2.039235 1.496573 3.497719
2.043359 0.000000 0.532118
2.049650 15.850232 18.006557
2.059138 2.875767 5.581275
2.062420 0.589132 2.052337
2.070734 0.000000 1.987355
2.076164 0.000000 1.650485
2.081612 0.000000 0.103706
2.091323 6.790503 11.402700
2.100607 0.000000 3.558085
2.108566 1.442935 3.922182
2.116821 3.440455 3.734384
2.124329 0.643457 2.570854
2.129896 0.154116 0.955739
2.130527 0.807384 2.196899
2.132385 0.000000 9.592908
2.139436 7.794017 7.976174
2.141893 0.000000 0.861258
2.151354 0.000000 4.506003
2.158119 6.976369 7.988532
2.160706 0.000000 0.071934
2.170290 2.509571 5.866156
2.179240 10.800667 12.558011
2.182473 1.886609 4.700410
2.187923 0.000000 5.750360
2.190435 7.932552 12.986823
2.190990 0.000000 0.256412
2.199905 0.577548 1.227775
2.200247 0.000000 3.206509
2.205645 0.000000 2.619905
2.207877 12.098467 13.006797
2.209510 0.778737 0.848940
2.217479 1.603389 3.436800
2.226139 0.000000 1.293792
2.232623 0.000000 5.406714
2.234220 0.565918 4.260762
2.241186 0.000000 1.537476
2.241254 0.000000 3.954360
2.242655 0.000000 0.386865
2.247126 3.586560 5.712807
2.252780 12.136801 12.777053
2.255720 7.774967 13.283233
2.265515 0.000000 3.015418
2.269143 5.420081 8.015779
2.272491 2.194672 5.863179
2.274316 0.000000 0.614357
2.280392 0.000000 3.633571
2.290175 0.000000 0.809754
2.296819 1.829950 7.656057
2.300459 0.000000 2.330762
2.310378 1.331401 2.761371
2.319444 11.890779 12.449977
2.325042 7.603890 7.762274
2.326998 1.266984 4.299436
2.334277 3.103803 4.245294
2.343770 0.000000 0.714251
2.349722 0.000000 4.080649
2.355783 18.717901 20.040981
2.361315 0.000000 2.371697
2.367106 0.000000 2.542987
2.371774 0.000000 0.216626
2.377771 1.738477 2.661018
2.382429 0.000000 0.320344
2.388699 7.054427 8.509776
2.394828 0.000000 2.708395
2.399402 27.777460 28.543597
2.407219 0.000000 0.961615
2.415314 0.000000 0.994348
2.417868 5.877648 7.446875
2.423604 8.849686 13.326971
2.428397 0.000000 2.193028
2.428501 0.127245 1.788944
2.435534 0.000000 0.968300
2.438125 0.000000 9.268112
2.438719 0.024015 0.655683
2.441228 0.000000 0.846672
2.449743 1.806295 10.873853
2.453983 0.053000 0.412492
2.454548 0.000000 1.399873
2.455568 4.081994 7.227939
2.461100 5.842555 6.112652
2.464885 0.000000 2.828696
2.474167 2.140899 2.597281
2.481749 0.000000 3.008182
2.488207 11.112231 11.362526
2.497003 0.000000 0.467146
2.499503 0.000000 0.000000
2.506166 0.000000 9.079423
2.512378 1.718044 5.973639
2.521228 3.864432 3.914512
2.530564 0.746095 1.096622
2.535004 0.000000 3.095808
2.543751 0.000000 7.412763
2.553710 2.206897 2.493885
2.557245 0.000000 0.026774
2.566466 4.091812 5.304146
2.566573 10.755351 13.195760
2.574719 8.056816 10.116698
2.577040 0.000000 3.911561
2.582008 0.000000 1.602757
2.584112 0.000000 7.089558
2.591948 4.288230 5.982877
2.601275 0.000000 8.690690
2.608447 0.000000 1.010525
2.611982 1.195626 10.556560
2.618578 0.000000 4.885812
2.621844 0.000000 1.993429
2.623758 0.000000 0.877840
2.633401 16.510342 17.458600
2.636475 20.633554 23.060488
2.639415 21.946439 24.671383
2.648432 0.000000 0.298986
2.656395 0.000000 0.513248
2.661211 0.000000 0.628967
2.667115 5.841931 8.429280
2.674219 6.648294 8.850717
2.682493 0.000000 0.299526
2.691619 0.000000 1.527133
2.701176 1.932122 6.994262
2.708648 4.287282 5.878942
2.712287 0.314271 5.771721
Average waiting time :  2.57187092967
Average response time :  4.84930538299
Throughput :  0.000656343772759
Server :  0
> 0 295.44643621
> 1 12.4810913226
Server :  1
> 1 248.850359078
Server :  2
> 0 101566.371597
> 1 17149.8337864
> 2 10997.0741406
> 3 7172.3738615
> 4 4835.90336466
> 5 3213.56573291
> 6 2134.8338591
> 7 1440.71253309
> 8 908.679061885
> 9 510.500959108
> 10 326.092696187
> 11 228.91736035
> 12 125.599611162
> 13 89.7276177967
> 14 70.1371002762
> 15 43.2486853413
> 16 36.7873427605
> 17 50.5577567944
> 18 33.9502477176
> 19 8.02735050244
> 20 10.0751917705
> 21 0.737246406497
