0.130458 0.000000 1.716999
0.136596 5.165851 8.437738
0.146557 0.000000 2.103762
0.155210 0.000000 4.455221
0.164274 2.510982 2.544141
0.173663 0.000000 1.658997
0.178480 0.000000 1.492461
0.182681 0.000000 0.062595
0.186604 0.000000 1.072466
0.187131 0.000000 1.214976
0.194455 4.667590 4.954649
0.202708 0.000000 0.858664
0.212272 9.617880 9.932551
0.217947 0.000000 1.180562
0.226012 0.162092 1.266421
0.234870 0.216806 0.868092
0.239059 0.000000 2.206863
0.243824 13.148443 15.208500
0.251811 0.000000 1.665977
0.255091 0.370517 1.049541
0.256940 0.000000 3.534422
0.258807 0.000000 0.418883
0.259842 0.000000 0.119037
0.264177 0.000000 2.384397
0.270739 9.294495 9.373025
0.271368 0.000000 1.247163
0.274430 5.674395 8.967607
0.281440 3.216444 4.360813
0.282397 0.000000 0.802256
0.284440 0.000000 0.562417
0.284936 0.000000 1.284673
0.289560 1.404651 2.749577
0.298610 0.000000 0.841829
0.299067 0.000000 0.148781
0.308874 3.985595 8.454912
0.311315 0.000000 2.945697
0.317382 2.550096 4.764333
0.321108 1.863911 2.235265
0.326739 15.731605 20.298578
0.331168 11.269184 13.400800
0.338105 0.000000 0.783195
0.344528 0.000000 0.413896
0.344933 0.000000 1.717642
0.354207 0.798664 2.634879
0.357322 1.974941 2.465247
0.367143 12.245649 13.471872
0.375747 0.000000 0.161422
0.378698 0.000000 2.654305
0.387119 0.075807 0.263869
0.390958 3.175166 6.274963
0.392433 3.183476 3.960876
0.394835 0.000000 1.232360
0.396266 1.455666 2.322228
0.397030 0.000000 0.490982
0.405750 2.370767 4.226433
0.415293 0.172457 0.821965
0.424425 0.000000 2.801656
0.425945 0.000000 2.325485
0.433713 7.183797 10.117278
0.441357 0.000000 1.241157
0.444983 0.000000 0.262180
0.448436 4.888212 6.093247
0.455318 3.504217 5.330049
0.458385 12.049094 13.020168
0.464936 0.000000 2.867264
0.469188 0.000000 2.393239
0.478709 1.439591 2.944889
0.478915 1.422883 5.607751
0.481312 7.257397 7.508119
0.487546 0.000000 0.245122
0.489539 0.000000 0.350267
0.494728 3.162392 3.651507
0.502279 0.000000 0.099047
0.504588 1.436514 3.538281
0.506586 0.000000 1.751161
0.515335 15.444332 15.793643
0.520754 1.830679 3.612969
0.520986 0.000000 0.952919
0.530212 0.000000 0.013884
0.540103 0.478757 1.220771
0.542040 0.000000 0.677630
0.543676 3.233109 3.451504
0.544833 0.000000 1.367845
0.546374 3.133643 4.408615
0.555658 0.000000 0.816067
0.563544 0.000000 0.372256
0.570870 21.251965 22.456464
0.576119 0.000000 2.558848
0.578250 6.043380 6.782436
0.587305 4.778098 7.143739
0.590175 0.000000 1.049963
0.595171 1.432921 9.231682
0.596357 0.000000 1.912429
0.604090 13.024437 15.034156
0.611284 3.032319 6.512186
0.616517 0.000000 4.491115
0.620878 0.074759 6.876535
0.628339 9.151488 11.343155
0.631873 0.136610 2.764010
0.633308 0.000000 1.242415
0.634723 1.237214 3.067728
0.644070 0.000000 0.570585
0.653245 12.606166 13.754121
0.662751 0.000000 1.149734
0.665141 0.000000 2.152369
0.668911 0.000000 3.744928
0.674149 0.306678 0.957968
0.682761 0.239893 0.379185
0.692524 4.575789 7.765653
0.694988 0.000000 5.352030
0.702280 0.000000 0.021575
0.703665 15.513854 15.757147
0.710439 24.400822 25.921731
0.712064 0.000000 3.738681
0.713591 0.000000 1.279453
0.714941 0.000000 0.120228
0.718552 0.000000 8.123874
0.723945 0.000000 4.926378
0.727515 0.000000 2.447527
0.732169 1.669770 1.964130
0.735382 0.000000 11.903176
0.736782 11.530207 21.818060
0.741359 1.110694 2.914745
0.750423 8.129815 9.157293
0.755230 15.747316 16.134604
0.764641 0.000000 0.558175
0.768515 19.694599 20.241322
0.778289 6.212155 8.308206
0.783411 0.000000 2.973890
0.792788 1.045882 3.617931
0.801861 0.000000 0.711162
0.809522 12.060336 12.892682
0.816154 13.025411 13.635783
0.825245 0.000000 3.829075
0.825305 0.618792 0.956145
0.833794 1.232561 5.491363
0.834405 2.268305 5.503389
0.837196 4.392206 5.396255
0.844458 26.600274 31.974400
0.845769 16.911860 19.045078
0.846268 3.951420 4.670363
0.850028 0.000000 2.043225
0.851283 3.168208 3.739425
0.855139 3.107613 3.878222
0.858774 1.765552 7.284176
0.860509 3.052121 8.128300
0.860618 0.000000 1.524347
0.864116 0.000000 11.796565
0.872695 0.000000 1.926156
0.876355 6.669662 7.375275
0.882241 0.000000 3.541923
0.888410 0.000000 0.854524
0.892708 2.418049 2.901373
0.895485 1.264765 3.554052
0.902134 3.377644 3.697702
0.902149 0.884955 1.120464
0.903463 7.655641 9.133897
0.911430 0.000000 0.741373
0.915932 0.000000 6.639535
0.918360 8.866872 9.149100
0.922016 0.136448 1.212391
0.928811 9.114132 9.132261
0.934420 0.000000 1.039480
0.943041 1.430909 2.726666
0.951009 0.000000 0.798540
0.951056 0.000000 1.379938
0.957083 0.000000 5.153463
0.966653 0.000000 0.298604
0.967430 0.000000 5.101300
0.975201 4.591569 7.235163
0.978368 4.313570 5.714600
0.978487 0.000000 0.756695
0.979795 8.485709 13.742500
0.987914 0.000000 8.473656
0.988134 3.356698 3.972389
0.993689 0.000000 0.306093
1.003634 0.000000 1.683935
1.010785 0.000000 1.733267
1.013605 7.360150 7.834689
1.021542 0.000000 0.052368
1.024387 0.000000 1.399399
1.032545 0.000000 0.362173
1.033185 0.000000 0.519588
1.038534 0.000000 13.428560
1.042639 20.704687 20.759496
1.049934 0.000000 0.326225
1.055521 0.525447 2.926777
1.061444 0.000000 3.109367
1.071127 2.568685 3.867482
1.076329 1.258694 6.385479
1.079500 16.055364 18.722471
1.087343 3.945331 8.367050
1.095825 0.000000 0.012587
1.096256 2.983037 6.812755
1.105852 0.692040 1.749496
1.107821 12.161994 13.059214
1.111436 0.000000 2.270642
1.116464 3.818385 6.856673
1.124403 0.000000 5.406874
1.131131 3.367575 3.621224
1.131859 5.029080 6.195001
1.134580 0.317165 1.693194
1.138800 0.000000 6.690806
1.140339 0.000000 0.661165
1.143523 8.833656 9.234651
1.149543 2.794921 4.802130
1.153177 0.190821 3.580892
1.155598 0.000000 0.587109
1.158722 15.331380 20.335009
1.160213 3.342481 4.796163
1.169401 1.383838 5.433601
1.173705 1.696351 2.216141
1.182845 0.000000 0.635861
1.187247 0.425665 1.918562
1.194658 0.000000 3.282124
1.199351 8.497343 9.555946
1.200753 8.675470 11.035551
1.201202 0.000000 1.683212
1.208251 1.810178 8.742553
1.217344 4.493412 4.730382
1.225468 0.000000 6.125110
1.234665 1.052311 4.024241
1.243130 0.000000 1.914387
1.249168 5.072071 5.786526
1.254382 0.000000 1.611936
1.257044 0.000000 4.821179
1.258338 3.747777 5.094524
1.259481 0.212732 1.176853
1.263646 0.000000 0.735473
1.264177 5.852006 7.376335
1.266393 0.000000 1.813978
1.267665 17.983648 22.770760
1.270582 0.793570 2.170098
1.277698 0.085897 0.584663
1.281389 7.132363 8.318063
1.285414 13.772298 13.927045
1.285702 4.076522 11.088247
1.290135 6.359374 10.883425
1.296825 0.034376 0.078244
1.299290 2.275285 3.030000
1.308703 0.000000 0.150208
1.316148 0.371547 1.311910
1.317885 11.607671 14.572846
1.324222 0.000000 0.642071
1.328725 0.000000 1.350341
1.336081 30.879022 31.034732
1.340928 0.000000 0.664529
1.347340 0.000000 0.684481
1.349816 4.006689 5.502144
1.355335 0.000000 1.619779
1.363593 0.000000 1.455817
1.365979 6.067822 6.403590
1.372347 0.000000 5.614013
1.377612 0.000000 4.609448
1.377717 0.000000 4.410234
1.383195 8.699865 9.761977
1.388859 0.253702 0.518191
1.389864 0.433343 2.743701
1.396594 0.000000 0.464308
1.403660 5.309870 6.802815
1.411263 0.000000 1.889872
1.415142 0.000000 1.230472
1.421034 9.457763 10.137192
1.422839 0.000000 0.913310
1.423905 0.000000 3.296058
1.423990 0.000000 3.042174
1.428672 0.000000 0.901773
1.428913 0.000000 1.838802
1.432295 0.000000 1.690057
1.435561 0.000000 0.286561
1.437372 0.000000 2.506736
1.437628 0.000000 0.998097
1.441579 0.000000 1.623650
1.447437 0.000000 1.680107
1.448417 0.000000 0.474717
1.451076 0.000000 0.561273
1.451712 0.686799 4.660233
1.455408 6.772558 9.925910
1.458237 0.231640 0.634143
1.461700 0.000000 1.624822
1.465569 5.557811 8.556533
1.474748 5.534887 7.788343
1.475488 0.000000 0.704279
1.485367 1.213103 1.551758
1.487528 0.032942 0.083971
1.494080 4.209860 10.806309
1.495803 0.000000 0.369897
1.498210 1.048224 1.135126
1.502384 19.398609 20.753650
1.507726 0.000000 2.208529
1.508777 11.362584 13.772167
1.515312 7.035357 9.225694
1.522520 14.178221 17.198046
1.526175 0.000000 0.534721
1.529927 0.000000 3.887380
1.535000 0.000000 1.209622
1.536028 11.857277 12.613230
1.538086 0.000000 2.529677
1.547367 0.000000 0.624629
1.549213 0.000000 2.134836
1.554308 0.000000 3.867875
1.559846 1.876846 2.044067
1.565795 0.000000 1.330354
1.574638 6.926852 12.021723
1.578723 1.824348 1.996487
1.579596 3.196009 6.102335
1.584854 0.000000 3.269068
1.590721 3.380354 7.017769
1.599515 20.295916 23.442950
1.606802 0.000000 4.345238
1.615394 0.000330 3.238953
1.615987 0.000000 1.568791
1.618424 0.000000 14.720460
1.621197 1.326332 2.433009
1.630382 2.624259 5.561303
1.638716 0.000000 0.150922
1.640844 2.087488 4.362540
1.645651 0.000000 0.916435
1.649759 5.014581 6.709669
1.652904 2.773245 5.437609
1.659250 13.255453 13.765417
1.660668 0.403800 1.403671
1.662321 10.000420 12.974703
1.665489 0.000000 0.979034
1.665913 0.000000 0.660724
1.666827 19.734596 19.997742
1.674801 18.116523 18.645277
1.675960 0.000000 0.414921
1.679568 2.714138 4.128888
1.686730 19.559260 19.986763
1.688715 0.000000 4.160643
1.697193 2.688253 5.682228
1.702976 0.000000 0.528472
1.704621 0.000000 1.812326
1.710485 0.000000 6.443607
1.716814 0.000000 4.849701
1.719501 4.166367 8.498224
1.719792 0.000000 6.635959
1.720955 6.777422 9.130134
1.730668 0.262873 2.863838
1.739798 9.757794 10.224976
1.747490 0.000000 2.285968
1.748132 3.498455 4.869361
1.754675 7.985137 11.542799
1.759027 1.334753 1.832218
1.760457 7.753540 10.157577
1.768490 0.000000 3.233947
1.776275 0.000000 0.603798
1.781285 0.737290 1.386530
1.787021 4.887470 5.286085
1.793528 0.000000 4.757036
1.795477 0.000000 0.802040
1.797406 1.957142 3.056307
1.805251 0.869839 1.800990
1.808321 0.000000 0.617993
1.814936 0.000000 11.917485
1.823944 0.000000 9.874483
1.825186 20.854823 22.064889
1.831082 5.133120 6.247976
1.832359 0.000000 4.289834
1.832520 0.000000 3.041404
1.841824 0.000000 3.258563
1.846094 0.000000 1.122147
1.851337 3.929553 4.454702
1.861243 2.702662 10.000353
1.868672 3.195696 4.289033
1.873640 0.455389 1.842458
1.877045 6.410114 6.418210
1.877088 1.822717 4.530064
1.879609 0.000000 0.693438
1.882866 0.000000 1.177604
1.884311 0.000000 2.360986
1.888043 2.385707 2.716831
1.892951 0.000000 5.386711
1.899642 1.392854 1.433027
1.909392 0.000000 2.630077
1.911067 20.416473 21.680480
1.916900 7.219926 11.593255
1.917040 10.722364 10.834248
1.923471 15.395968 16.092842
1.923601 0.000000 2.416100
1.923840 0.000000 1.509806
1.927210 0.091543 1.449288
1.929167 7.463970 10.169423
1.938146 4.332098 5.746436
1.942327 0.000000 0.818910
1.949841 0.000000 1.978509
1.958934 1.256335 1.281347
1.964493 0.000000 1.032280
1.964637 0.000000 0.284202
1.972389 3.661888 4.956331
1.975745 0.000000 2.469960
1.978893 2.060894 6.940603
1.988141 5.658769 6.352898
1.993399 0.000000 0.696431
2.001337 0.000000 0.509193
2.002396 0.923576 1.881905
2.004549 1.469198 2.428525
2.008074 10.946498 11.239472
2.012749 15.563872 26.182727
2.012988 17.301630 17.851493
2.022380 3.134557 7.915058
2.024170 10.870432 11.136207
2.029674 0.000000 2.516213
2.035862 3.641854 4.762672
2.036206 7.253511 10.930643
2.036976 0.000000 9.028890
2.046810 0.000000 1.379163
2.053384 1.162349 1.314021
2.056969 0.000000 0.555755
2.061134 2.599819 6.250276
2.066175 5.229672 11.933950
2.067889 2.315623 3.203280
2.068740 8.909424 9.710825
2.071700 0.000000 1.306277
2.075203 10.132643 10.396645
2.083879 0.740899 4.297259
2.084445 0.313206 1.369885
2.091171 2.516294 5.375555
2.098838 0.000000 1.117446
2.104537 0.000000 1.637370
2.110614 0.542218 2.308423
2.119851 0.000000 1.411835
2.123292 0.000000 0.953909
2.126767 14.308042 16.561044
2.136452 0.000000 0.037466
2.145665 0.000000 0.602701
2.152059 3.953259 4.376229
2.154027 0.734917 2.558024
2.158642 2.760793 2.774297
2.165558 0.000000 3.585449
2.167480 22.933262 22.941190
2.170463 0.000000 0.545102
2.175799 0.000000 3.406484
2.181005 0.000000 0.484519
2.183689 0.331052 3.174317
2.188088 5.862062 12.703083
2.188649 0.283357 0.376993
2.192270 0.000000 1.753520
2.196873 0.439954 3.011340
2.198007 17.155103 21.801850
2.207836 0.000000 5.307572
2.212788 12.503688 13.150100
2.221864 1.068039 2.019898
2.221899 0.000000 0.420653
2.230886 4.789997 6.216005
2.237313 0.878653 1.199116
2.241764 5.750997 7.754400
2.243030 0.000000 1.878810
2.244110 1.809645 2.228687
2.244481 1.605400 4.302672
2.252901 0.000000 0.227412
2.258822 0.000000 4.334985
2.266160 3.039366 4.830921
2.267042 0.000000 0.914316
2.274841 1.523074 4.036392
2.279857 2.623054 9.060960
2.284163 2.574239 4.738491
2.289871 0.000000 0.499671
2.299611 0.000000 1.526220
2.309139 0.000000 3.117963
2.313632 8.932798 9.081777
2.319194 0.000000 3.583259
2.326280 8.003804 8.925356
2.329264 2.047965 2.974839
2.329570 14.248120 14.659754
2.332188 3.463719 6.680257
2.341786 0.000000 5.378366
2.345141 0.000000 4.308365
2.345725 10.767260 12.530439
2.354098 2.474278 6.596414
2.363477 0.000000 1.648637
2.371603 9.026953 13.799356
2.378910 0.000000 4.829065
2.384260 1.166831 1.570090
2.386839 10.593611 12.039026
2.389891 0.000000 1.620192
2.393280 0.000000 1.496554
2.401240 0.000000 4.651172
2.406539 0.000000 0.548132
2.412000 9.648277 13.847388
2.417005 0.000000 5.937922
2.421153 1.496709 6.208368
2.430706 5.957524 9.025731
2.435354 6.294234 7.225994
2.435494 0.000000 1.741924
2.437999 0.000000 2.210667
2.443655 0.000000 3.429896
2.452687 0.652118 1.688762
2.457833 0.000000 0.294258
2.463435 0.000000 2.887942
2.469934 1.952852 2.556791
2.477049 0.000000 1.462193
2.480164 0.000000 0.861974
2.490121 0.000000 0.579613
2.491750 0.000000 1.280390
2.497514 0.000000 0.070130
2.500194 0.000000 2.686042
2.502382 1.637639 1.654511
2.511387 3.569127 5.630765
2.517541 0.000000 1.348657
2.517831 0.678125 3.024345
2.520939 0.000000 5.838010
2.525004 0.000000 8.830431
2.530003 0.000000 0.029176
2.536923 0.844099 1.002355
2.541474 0.000000 0.904111
2.542056 2.553979 4.789614
2.549800 0.000000 1.624900
2.554339 0.000000 2.123438
2.560291 6.788734 8.973260
2.560691 0.000000 3.141121
2.566811 10.026670 11.292779
2.571945 5.338389 6.559635
2.575973 1.644203 3.299210
2.579458 1.738723 3.212201
2.580529 0.000000 3.184033
2.589798 11.946567 11.999044
2.598294 0.000000 0.466129
2.603188 0.579942 4.644231
2.605786 0.000000 0.123578
2.612960 0.000000 9.039301
2.617726 0.000000 1.162856
2.618539 0.055791 1.983622
2.622216 0.000000 2.010030
2.623066 0.000000 0.350806
2.631437 0.000000 0.423154
2.638334 0.000000 2.251176
2.640483 1.846689 4.676447
2.647966 0.817579 1.455101
2.655456 0.000000 0.167364
2.657112 0.000000 0.848185
2.662374 0.000000 0.732366
2.672161 0.000000 5.109297
2.678440 0.000000 2.781406
2.687853 0.000000 7.426765
2.690400 2.073967 6.459168
2.691657 0.000000 0.134987
2.695793 4.042950 8.425708
2.698921 3.996840 4.770041
2.702057 0.000000 0.790467
2.710748 0.000000 2.771280
