0.190575093043 0
0.190575093043 0
0.190575093043 1
0.190575093043 0
0.190575093043 0
0.190575093043 0
0.227570758735 0
0.245453973715 1
0.305362403884 0
0.389276681594 1
0.488199714665 0
0.584622096082 2
0.754756065011 4
0.754756065011 11
0.954442112806 7
0.954442112806 11
1.01417817753 5
1.10486963102 6
1.10813549604 8
1.24367773178 6
1.24367773178 11
1.27134304905 9
1.28042504409 6
1.32542553997 6
1.35032273922 6
1.35649495032 6
1.47437137555 7
1.47437137555 11
1.48844137269 6
1.51085187387 6
1.607567738 7
1.607567738 11
