0.140343718908 0
0.140343718908 9
0.140343718908 0
0.140343718908 0
0.140343718908 0
0.234577922586 4
0.279119497299 1
0.416617932492 1
0.416617932492 11
0.416617932492 11
0.416617932492 11
0.451330321896 1
0.584710496228 1
0.584710496228 11
0.765291049446 8
0.765291049446 11
0.765291049446 11
0.792177396395 5
0.930249055422 7
0.930249055422 11
0.985996687126 6
1.00227154261 6
1.03482634288 5
1.04363190354 4
1.09836504337 6
1.18083578235 6
1.26111128097 5
1.32819846678 6
1.4128310265 6
1.45867161146 10
1.50294147214 6
1.51294147214 6
