0.218499741788 0
0.218499741788 1
0.317070560387 0
0.317168659381 0
0.34558717993 0
0.432297224911 0
0.432297224911 11
0.473623740909 0
0.552429349624 0
0.619517862279 0
0.682263052744 0
0.683749230708 1
0.781063131946 0
0.812429943821 0
0.884241589404 0
0.917101197951 0
1.01398532652 0
1.02557851866 0
1.11728178615 0
1.11921879452 0
1.26492441111 0
1.26492441111 11
1.33996056778 5
1.42277420175 0
1.4256437109 0
1.49771175858 0
1.57592834432 0
1.58347422079 9
1.65520034691 1
1.72698739666 0
1.84265193083 1
1.84265193083 11
