0.285604490391 0
0.285604490391 0
0.285604490391 0
0.285604490391 0
0.382386727373 0
0.434917238262 0
0.492827657651 0
0.580220348274 0
0.580220348274 11
0.642581997461 0
0.739539065797 0
0.739539065797 11
0.745036691902 0
0.805114578212 0
0.872823122401 0
0.879457237024 0
0.971815410377 5
1.00979439951 0
1.09850122372 0
1.12852431938 0
1.1834636807 2
1.29332047113 0
1.32294357513 0
1.39017406689 0
1.41799189286 3
1.5128077898 0
1.5504270773 0
1.63407562559 0
1.65166429302 0
1.6750300024 0
1.6750300024 11
1.75408401102 1
