0.126934005479
0.58991742568
0.302128891639
0.165170616629
0.562550929252
0.146839652534
0.671537294548
0.449232115691
0.0913776069599
0.120567804079
0.665588228669
0.300593766435
0.419656703745
0.290988557746
0.926854102074
0.274437530392
0.551133068575
0.0041653658695
0.417344624338
0.0816166029739
0.0226469038816
1.50082951994
0.182209752279
0.276782113807
0.726870754348
1.09938221251
0.0140323725151
0.00206075144037
0.718038666781
0.011305507257
0.693398684496
0.403170843556
0.178322092524
0.600336769882
0.070498433727
0.0463642656465
0.413481044504
0.772223832462
0.923075983749
0.668821403199
0.0195726293552
0.0225618889432
0.236235701689
0.104366889671
0.0827610081793
0.0775430631038
0.159846340661
0.0164432314396
0.251122852493
0.369321171542
0.0300805253115
0.739679006167
0.484186532564
0.226226068452
0.04576447779
0.0681992852262
0.0969486633034
0.301576125203
0.362046531813
0.226022178314
0.0655613726427
0.0414281023921
0.0570923861158
0.121913131398
0.301757489445
0.419988868052
0.0388965671408
0.236999554517
0.60519595475
0.0525612496923
0.918082807407
1.0236186077
0.0617266496187
0.128943965938
0.358054605009
0.0504985484639
0.270796002099
0.224400510597
0.799736227227
0.214398745372
0.209792966855
0.206653928175
0.0833641530756
0.211924670396
0.459594442931
0.0269639996814
0.526851185187
0.38676580216
0.622308514191
0.0753394030971
0.402761517745
0.186629985064
0.427547156649
0.0195967593086
0.221185629824
0.00603608440535
0.165366048213
0.556192329054
0.314750694854
0.606151419373
0.209869778301
0.042180655888
0.0419887464067
0.457939052291
0.893733701551
0.0528385946075
0.194220180489
0.0361414120088
0.447235317139
0.259471473432
0.0283241997095
0.398806689568
0.0971285468707
0.285415726648
0.0352053491439
0.0161517787804
0.00833699559251
0.267402745908
0.483505520911
0.654983220438
0.00310483413098
0.187739096225
0.43037963448
0.778405978821
0.107652255966
0.0134819170266
0.215707515012
0.245423438474
0.0501218536291
0.0706906202894
0.30757134892
0.577669670468
0.103649084757
0.0279105880104
1.02379566674
0.118293277769
0.143812880662
0.408126184996
0.17065865183
0.136681943863
0.0890569963394
0.363443260058
0.430160695829
0.461721117241
0.0102305265132
0.883855799282
0.328981072256
0.671738163197
0.162302444324
0.444220766327
0.436232151459
1.01281670496
0.478325228009
0.427166383112
0.897895884633
0.0334239835349
0.671879699364
0.260971415525
0.147481028607
0.180757173515
1.66106017511
0.665032669961
0.734953247301
0.315182280772
0.240419969405
0.349340290234
0.0673962708157
0.626553458548
0.101993649703
1.08305653699
0.0816454168371
0.182851829386
0.0465128039015
0.146212169577
0.403224827098
0.097900064436
0.26300691431
1.81283201142
0.0570972034571
0.00212489054308
0.144784100397
0.430042120778
0.0527011937399
0.316476828354
0.0447411090222
0.24432765926
0.531894581845
0.341841747016
0.0439295374682
0.50478517033
0.00862381837884
1.2337751069
0.0868151550092
0.108442726361
0.201446113075
0.636332804135
0.147102275559
0.481697848155
0.53700482722
0.746439288888
0.178341529904
0.039822092394
0.534382297923
0.0166530941813
0.301010224154
0.0241657353728
0.634550854765
0.233744234485
0.0840300172606
0.0969837075323
0.128374339189
0.477868919811
0.300091316898
0.382823646398
0.243543649671
1.60556950985
0.00403859912246
0.232519381736
0.585743882795
0.0593289951955
0.248004033106
0.218304689522
0.746855654525
0.249958342423
0.279275246993
0.436029691215
0.381900841867
0.193807189304
0.126118941421
1.32919036233
1.10358690296
0.016994935552
0.168327128607
0.25135310969
0.245637208939
0.0151150237435
0.179839879047
0.249484583486
0.218528596656
0.00213452002944
0.0696628641732
0.492911739607
0.0924487914121
0.342002629516
0.289370599603
0.219909878735
0.00107710305228
0.184924775907
0.0153126565434
0.12248989902
0.0389990642543
0.32485898402
0.675763937611
0.257606711233
0.547587890474
0.132698355233
0.402364468284
0.0770516213264
0.46309216414
1.23229033404
0.27955160307
0.212392013505
0.674067752709
0.319352962652
0.458881244135
0.389182042164
0.269236232778
0.109890833646
0.120745898469
0.0315102666674
1.47857823279
0.848392730173
0.0338541750729
0.485177241205
0.911721323317
0.84958573414
0.00751435248642
0.303016703908
0.119424811787
0.15966187412
0.127603717074
0.0653965698282
0.191338882536
0.204215135212
0.00550728907526
0.149580885296
0.239700069881
0.383707414498
0.242483306941
0.217401489119
0.168245687219
0.694349073947
0.202570289484
0.345304765102
0.0672870270086
1.17025590816
0.260647206771
0.811497952885
0.202012757153
0.29690680133
0.183402041559
0.421107661716
0.709593904842
0.149462739597
0.22487247251
0.471465033267
0.020966667003
0.0267501897168
0.185574673608
0.154124602331
0.0676331464029
0.672374315588
0.321533709066
0.327963823315
0.0870451974853
0.076218781587
0.270418665565
0.339218616069
0.00412906921294
0.170842937954
0.185098891399
0.994767358944
0.786699363737
0.427517501265
0.142588333329
0.172672859591
0.110242937924
0.162355958463
0.541491602976
0.411026834892
0.554827814404
0.334094466674
0.499952246993
0.0160538323046
0.0292676087456
0.685683334309
0.276830800397
0.376570861933
0.139829992038
0.101309902543
0.022031463606
0.916959014144
0.185086776879
0.0672516654572
0.589933100147
0.0891405275775
0.116497654783
0.075262136978
0.27516168424
0.117307885354
0.0860348794521
1.37601133925
0.0418021001875
0.614520940298
0.80815482049
0.0379584077429
0.227454329839
0.142327512624
0.454149017658
0.168417539847
0.975939542652
0.367728813304
0.467221650895
0.033730984873
0.0905394100221
0.241427505775
0.53369445217
0.169420098795
0.0540457363301
0.388589135721
0.888882211137
0.159246611694
0.049736183545
0.051253629918
0.32171581996
0.0969375651527
0.143509528555
0.451505792278
0.190025304435
0.325804038719
0.0853106137032
0.272659301421
0.899329750579
0.227346642129
0.147333468468
0.299686289778
0.513198053406
0.629422653106
0.0396788982235
1.55729278079
0.804368479049
0.645756618966
0.775295778059
0.0546268407203
0.453839451451
0.142000950397
0.368358229145
0.146331428941
0.1152981493
0.0572222781067
0.83626341221
0.301393028948
0.0620685890347
0.0208647047075
1.02939275018
0.0159063836324
0.271390005117
0.824119008571
0.710262725103
0.113979286414
0.876556628396
0.231114604208
0.530436243001
0.48236380031
0.0583172880777
0.297320733662
0.882905535651
0.0636117521183
0.0360579078002
1.08215435703
0.463825772712
0.0327013778474
0.831597982139
0.14602442998
0.0521595390118
0.263521547211
0.200444463052
0.77568300616
0.144161496614
0.488087303297
0.861551382548
0.381247558442
1.08405659583
0.373946828976
0.681439923538
0.0808141063656
0.73520015393
0.104409500851
0.356317108479
0.150995294901
0.00890495610749
0.199135388495
0.0977232915725
0.422763662715
0.0735138005074
0.115155350304
0.227044815216
0.722401111011
0.654548524766
0.0317828654288
0.221173365499
0.510143252645
0.770645459727
0.338475510909
0.310993874823
0.288795949875
0.494963537708
0.906102022263
0.419083489274
0.338906211397
0.383751177663
0.372365425951
0.311408107166
0.0233956202994
0.346728977921
0.378214109394
1.15395195831
0.044249702575
0.118336331735
0.151962018657
0.456404938573
0.166802341182
0.232421439495
0.0542233333662
1.00330469367
0.133210771575
0.27445044908
0.00658857647186
1.21342274497
0.230685549825
1.1409583995
0.22654023529
0.0482526170696
0.220697244613
0.575260639128
0.344390175471
0.270185593164
0.168967957537
0.296026896431
0.131237897231
0.0247592479805
0.280839571571
0.174250955713
0.219664946469
0.265936546791
0.350188617889
0.150304387918
0.36719495669
0.0830818113151
0.169936264562
0.253408361523
0.0381774757389
0.349318111502
0.0633457567012
1.60232583
0.174872026174
0.00963833344666
0.322041791031
0.360310365791
0.0676219935433
0.121741966927
0.457682911602
0.0697549056705
0.335299134776
0.343766567347
0.263518185584
0.363126194261
0.0545655430479
0.386983330293
0.0121224783411
0.425089100959
0.624810079836
0.033691183219
0.224267389087
0.767493983536
0.0559992872425
0.0513502217042
0.188811957298
0.244419709142
0.143395020876
0.593598626656
0.422649025504
0.912515084888
1.05523614725
0.480394032232
0.129446920787
0.196861987805
0.153974593407
0.00121975176046
0.179821817206
0.0305115526348
0.25364082569
1.78762461055
0.369946041678
0.0668535797584
0.228987053686
0.197891823588
0.0174026059112
0.20014670745
0.969781088096
0.753448067119
0.804707302491
0.509904375116
0.516356817693
0.199093949599
0.622665415069
0.502375297047
0.276652470333
0.402781580876
0.0247034707757
1.34687747899
0.107201887268
0.406486330914
0.618023857755
0.482811092013
0.822094357422
0.00572281531906
0.0761370676383
0.831902280474
0.198068043981
0.597081385678
0.00915447734083
0.361072478896
0.282312805563
0.0550638378455
0.117520046595
0.0662897845253
0.0988989288398
0.0371901984829
0.218207819177
0.0032409215708
0.72008671385
0.818374251036
0.0216177666782
0.0661304684396
0.0890699463092
0.218104636078
0.87716554053
0.448455799388
0.281576287879
0.107098565053
0.295659327493
0.912301009847
0.0513618971402
0.254360631972
0.302005365301
0.327539894431
0.0336343656444
0.0557804298521
0.640268593511
0.0884861760807
0.394109119228
0.337097176045
0.257109739797
0.167231347144
0.628651134245
0.755963923224
0.308855429471
0.172010013855
0.133369437069
0.0954720799453
0.144647735045
0.226286403681
0.0159587691358
0.24026716467
0.0104361830951
0.598563189105
0.0141378252274
0.0276197877453
0.224367602978
0.038344408539
0.127430716896
0.125147771044
1.36552065182
0.0981205896114
0.116882411148
0.0348895449229
0.0787283550903
0.109962810184
0.458629355239
0.828908225136
0.530238730873
0.230411461649
0.113203979892
0.164266150122
0.0113975512047
0.396101291228
1.19335704197
0.94134977963
0.105863821855
0.0203994721897
0.515024390811
0.46425060267
0.123771537619
0.450132736944
0.0301151992001
0.121821308778
0.00660639040458
0.417637368182
0.604004880431
0.0246305565884
0.799546539312
0.420480923829
0.112322691029
0.0438534701788
0.860256952721
0.286998904332
0.7036672116
0.936101891578
0.0985807609129
0.415454818573
0.0485989288192
0.324983791166
0.189950802153
0.390666183026
0.485853694839
0.305253748
0.110733820891
0.229792369168
0.205914183023
0.0466629242272
0.0231458963494
0.0416428223811
0.0317776600796
0.137560372888
0.152004634723
0.0364265888497
0.46676055805
0.25438489741
0.2165584227
0.242394630303
0.132183765515
0.077600417967
0.425762009396
0.0303147137744
0.6585504623
0.243365045148
0.173165042998
0.327273470605
0.227502443446
0.328990688289
0.165650248108
0.0132092761241
0.209638470001
0.0014390162684
0.156555493856
0.0451131836243
0.362106106261
0.0745801608164
0.592956978462
0.591637894399
0.07767641443
0.145140359251
0.114350705597
0.577298264913
0.991580326482
0.220816120168
0.977166496038
0.646218791462
0.238724888511
0.734444907287
0.280991397245
0.343678922423
0.0606342742758
0.0770393639269
1.05653079812
0.186091030512
0.190576775723
0.204171531579
0.00254159310228
0.366109457586
0.564349994196
0.101974897644
0.213298815102
0.349835438316
0.236654664778
0.145614115509
0.734760063107
0.385176072219
0.0407267172883
0.329851716052
0.632433065209
0.661015275888
0.132867370428
0.498170510355
0.0663189288174
0.246255896601
0.0779966361895
0.645202048334
0.0869221051365
0.0243631906698
0.0865337789458
0.204665641015
0.0545034980627
0.0213454970302
1.56359698659
0.0914824343875
0.0925561471119
0.234476077552
0.00632749068853
0.154258278058
0.127633551079
0.0190887543501
0.0885554512624
0.421362380548
0.156401762469
0.23220911102
0.0763544142682
0.00486805518096
0.330344996906
0.20759766414
0.0599423712681
0.82896666603
0.0758129042111
0.276668636342
0.082257121532
0.150264595247
0.380279158055
0.455382638518
0.193908882124
0.543415044146
0.0316065184138
0.652911076611
0.0247303163274
0.240079725201
0.0650541744007
0.298942459621
0.0676466169276
0.0401765248362
0.383239223695
0.647730630377
0.0421644435117
0.0412136152409
0.232679939153
0.107570694263
0.398674245886
0.296291244151
0.0199423233155
0.208697314231
0.0117624128396
0.0108640975363
0.087369000343
0.302534615628
0.460674602676
0.158714548308
0.0835143405263
0.274886172153
0.0430511360895
0.212984817052
0.10677845256
0.370757508459
0.485091608632
1.01644820379
0.722781415338
0.0464318722731
0.0412794177337
0.133549081259
0.0422232480655
1.24495220512
0.428124129587
0.34530137903
0.195909410581
0.375618892393
0.317698899672
0.336940443847
0.31841903911
0.254589128239
0.0420779854175
0.65333344445
0.229151383189
0.584545272814
1.3414463447
0.0879429197379
0.0291595549932
0.705470527752
0.329827896383
0.168987769821
0.0609809152815
0.53279742055
0.108578930391
0.0625415377698
0.145848101308
0.132205573087
0.171011855813
0.131821604738
0.0627485847434
0.00623906773361
0.0816466918206
0.680114679338
0.00840438827573
0.0836745315373
0.180144115851
0.261473726951
0.320910822999
0.340855811906
0.188304452718
0.173703849018
0.113714378819
0.855640718235
1.21422308908
0.572846895893
0.742741457012
0.780189392282
0.142205201393
0.0141652070182
0.274084668936
1.28492788673
0.105834514904
0.229736624108
0.34766915763
0.105889517707
0.709550530688
0.407228060531
0.300541878231
0.741116161349
0.786898826779
0.939986936315
0.186544428416
0.0911118700453
0.187061611087
0.0914965772909
0.0760677605216
0.0886927809979
0.927295518743
0.594872165496
1.0755967507
0.203485680623
0.327337896575
0.289765349499
0.012188794894
0.220795838336
0.176556204867
0.616593717512
0.242741861208
0.0923413931385
0.288569167322
0.152439962242
0.581267036503
0.356406352825
0.401874896085
0.243745358282
0.00500727762035
1.23595634328
1.14746177378
0.876546031876
0.109609608404
0.35798356349
1.59062543252
0.230783240853
0.435099907718
0.195936413363
0.208220160746
0.170451009133
0.197184754654
0.372099731262
0.236082174962
1.08785693412
0.694900732736
0.0111733352845
0.163581537384
0.034067109202
0.116140094974
0.397962431078
0.0948775830099
0.0102709398828
0.102250447802
0.178368564341
0.753605136913
0.0267515616774
1.07787177047
0.211857202835
0.742345618722
0.723440638023
0.0979789735717
0.234527938256
0.360649594319
0.104316782747
0.129042343471
0.376557209718
0.0476933417017
0.214423384974
0.510225740832
1.20980872652
0.819859463757
0.194904044113
0.367542144736
0.0901692965732
0.108964875588
0.581157708092
1.1531280541
0.0392447802238
0.00554678526141
0.112542516014
0.350962483176
0.0584594226257
0.398824707772
0.241414187332
0.499019556598
0.406342248904
0.0758383139249
1.48555670661
0.0506514701303
0.212827349271
0.308314024071
0.0265291026458
0.455114644753
0.208759209252
0.0221754618672
0.0501392386967
0.280792099683
0.355243276438
1.04042895481
0.142723985814
1.1249529238
0.0719858335827
0.0979179716668
0.815866690845
0.310321752073
0.277433168823
0.426525151701
0.31116857084
0.157662575041
0.116807772576
0.538084901587
0.113111801835
0.114115774301
0.536970120683
0.955723719993
0.23885564073
0.276987228948
0.346232458741
0.0269028979684
0.871978892699
0.975015710462
0.326171372923
0.145953797263
0.176833591044
1.01305372672
0.114457182362
0.399018756639
0.0264659053479
0.974827706983
0.000206219679278
0.00033972999494
0.0196932121207
0.0670782420642
0.525169994783
0.306244887883
0.13044609643
0.115129650153
