0.00311267365667
0.00392543105116
0.00473812021898
0.00423647738929
0.00497906051434
0.00607999734179
0.0060207722594
0.00793703530569
0.00936304858266
0.0091358341951
0.00775046658316
0.0103053320835
0.0100596832858
0.0121725509947
0.00997988145835
0.0148470995175
0.0127679727525
0.0135638412995
0.0143341849501
0.0150944131307
0.0162336053323
0.0175430719486
0.0176068778316
0.0187798113744
0.0208745139725
0.0195301791627
0.0215903278092
0.0202238562022
0.0215512328282
0.0233701599189
0.0249741127275
0.0232912063352
0.0248445601863
0.0268104227559
0.0250675858111
0.0234875885396
0.0271131299738
0.0298195317568
0.0268430853286
0.0300006889134
0.0313073011045
0.0311892287178
0.0269991889303
0.0349281465944
0.0339391780624
0.0325506689805
0.0338364492388
0.0345368367023
0.0353278464658
0.0354731631438
0.0373032362963
0.0366379108278
0.0393472642522
0.038017848364
0.0399905911333
0.0407526097646
0.0390101516667
0.0430996777777
0.0438346838245
0.0473555248658
0.0481420048155
0.0462902925382
0.0479409356163
0.0490511693992
0.0501227194021
0.0505248993551
0.0466854106798
0.04502933887
0.0532724308076
0.0499164756366
0.0493189504438
0.0511385265737
0.0470079244811
0.0504957138359
0.056304386424
0.0547943441016
0.0527734830248
0.0583942807271
0.0544006510342
0.057479948154
0.0632696964139
0.061681854647
0.0613590491758
0.0624814128952
0.0617764828159
0.0653834963659
0.0630084866643
0.0614880945826
0.0658099016106
0.0642654128933
0.0715109768836
0.0680840935242
0.0730156368371
0.0684070238049
0.0715509696019
0.0776741199883
0.0737432635392
0.0661884354719
0.0720924355451
0.0789810729734
0.0733167500428
0.0787773928893
0.0729988329887
0.0745266614352
0.083724617381
0.0800177743444
