0.237381 0.000000 1.183148
0.238640 0.300496 2.333334
0.240066 0.000000 1.721615
0.245523 0.000000 1.368770
0.250843 0.000000 1.626074
0.258583 0.000000 1.657692
0.267814 0.000000 2.739846
0.273380 0.000000 1.352396
0.280996 0.000000 1.825991
0.286918 0.000000 1.203938
0.295061 1.015879 3.872692
0.295427 0.000000 1.344016
0.304662 0.000000 1.728707
0.304752 0.080185 1.499985
0.314330 0.000000 1.124951
0.314829 0.000000 2.472882
0.321666 0.000000 1.337159
0.327631 0.406415 2.198132
0.334591 0.000000 1.363081
0.340420 0.000000 3.077823
0.343222 0.000000 3.231687
0.344984 0.000000 2.097018
0.353706 0.000000 1.592528
0.358347 0.000000 1.941619
0.364747 0.000000 1.448536
0.366599 0.000000 1.258221
0.368513 0.000000 2.305126
0.373789 0.045001 1.165927
0.382202 1.052575 3.288430
0.387489 0.000000 2.761396
0.390072 0.165745 1.756395
0.395144 0.000000 1.320987
0.397966 0.806922 2.831518
0.403843 0.000000 3.297285
0.407203 0.000000 1.585309
0.415895 0.044015 2.126392
0.416308 1.648625 3.358214
0.426031 0.000000 1.249116
0.433821 0.000000 2.024627
0.436119 0.000000 3.516712
0.444574 0.000000 2.291809
0.451097 0.000000 3.520077
0.457542 0.000000 2.384942
0.465150 0.000000 3.375475
0.469870 0.000000 1.562995
0.479775 0.000000 1.699409
0.487058 0.000000 2.242348
0.492901 0.000000 1.378523
0.495599 0.000000 1.431874
0.500150 0.000000 5.483585
0.504574 0.000000 2.080634
0.507261 0.000000 3.210854
0.508188 0.000000 1.261610
0.518069 0.000000 2.223900
0.518532 0.000000 2.046683
0.524901 0.000000 3.150878
0.530792 0.000000 2.306210
0.537141 0.000000 1.084570
0.543513 0.736741 2.281772
0.547538 0.000000 2.243382
0.551530 0.000000 2.385834
