0.049869 0.000000 2.012643
0.051185 0.000000 3.047602
0.054308 0.384311 3.475350
0.054885 0.000000 1.299034
0.063785 0.000000 1.587482
0.065593 0.000000 1.690231
0.070815 0.961628 3.874148
0.075083 1.180843 3.681324
0.082696 0.000000 1.564134
0.089062 0.000000 2.765854
0.092605 0.000000 1.410403
0.101425 0.000000 3.824589
0.109967 0.000000 2.922193
0.117646 0.000000 1.758868
0.119871 0.721183 2.608172
0.123131 0.350386 3.046049
0.132436 0.000000 1.445193
0.132840 0.000000 1.703676
0.136718 0.000000 1.677568
0.139034 0.000000 2.374218
0.147874 0.000000 1.927985
0.152599 0.116561 1.920790
0.155186 0.000000 3.039677
0.161305 0.000000 2.670098
0.166897 0.000000 2.030377
0.167856 1.143268 3.019469
0.168120 0.000000 1.799899
0.174937 0.000000 2.607188
0.180424 0.000000 1.198694
0.188809 0.000000 1.428315
0.192880 0.000000 1.806537
0.193567 0.000000 1.512227
0.197382 0.000000 1.143325
0.202087 0.000000 1.740451
0.207890 1.623243 3.950683
0.213819 0.000000 1.834628
0.222144 1.778511 4.319902
0.229177 0.000000 1.979815
0.229885 0.000000 1.816213
0.237767 0.000000 1.829960
0.239950 0.000000 1.664580
0.243055 0.937219 3.092970
0.251979 0.000000 2.076641
0.254754 0.000000 3.496378
0.257792 1.502620 3.048259
0.263467 0.000000 1.234199
0.270918 0.000000 5.521211
0.278813 0.000000 2.084656
0.284247 0.000000 2.317141
0.294236 0.000000 1.806721
0.301739 0.086399 1.745371
0.308134 0.000000 1.635928
0.315718 0.000000 1.727252
0.321225 0.000000 1.615309
0.323939 0.000000 3.219924
0.327910 0.000000 1.483802
0.334644 0.000000 2.442624
0.342855 0.000000 3.495926
0.345746 0.000000 1.823075
0.355076 0.000000 3.483217
0.355792 0.000000 2.371510
0.360500 1.028996 0.057045
0.360500 1.594173 0.597308
0.364706 0.000000 3.022517
0.368149 0.648194 2.403579
0.372462 0.000000 2.610780
0.377875 0.000000 1.066987
0.381650 0.000000 1.794044
0.387163 0.381537 2.823450
