0.209907 0.000000 0.407096
0.216934 1.045533 2.431718
0.224083 0.000000 2.992477
0.230181 0.000000 2.976736
0.235872 3.045334 4.615212
0.236248 0.000000 2.494202
0.242665 0.000000 1.857490
0.252145 0.000000 6423.215607
0.252145 0.000000 0.279818
0.259145 0.569320 2.771019
0.270715 0.000000 7287.211866
0.270715 0.000000 0.286994
0.271037 0.581201 2.264922
0.277511 0.000000 2.104917
0.287307 2.376570 4.596539
0.288749 0.000000 1.224293
0.288894 0.000000 2.602290
0.296324 0.000000 2.333662
0.299747 0.000000 2.290266
0.305901 0.000000 1.752175
0.309219 0.543094 2.902898
0.312449 0.000000 2.026597
0.317434 0.000000 3.166712
0.323821 0.000000 2.326490
0.328990 0.232209 2.415759
0.333571 0.000000 1.317597
0.341866 0.000000 2.029290
0.344632 0.656597 2.144961
0.349957 0.000000 1.298393
0.352720 0.000000 1.593781
0.358076 0.000000 1.495040
0.365170 0.000000 1.595262
0.370771 0.000000 2.344842
0.378306 0.000000 1.155899
0.385941 0.000000 2.129737
0.392445 0.000000 1.611037
0.393840 0.000000 1.820908
0.394475 0.000000 1.977193
0.396121 0.000000 2.138342
0.397500 0.000000 1.110939
0.401908 0.668763 2.968264
0.411510 0.735027 2.156898
0.419311 0.495713 2.163210
0.426414 0.000000 1.958505
0.435275 0.000000 2.288304
0.438901 0.000000 1.136595
0.443880 0.000000 2.064169
0.453179 0.628347 2.273160
0.459436 0.000000 1.160350
0.459572 0.000000 1.808612
0.463068 0.000000 2.557949
0.465911 0.000000 3.467453
0.467329 1.553459 4.939425
0.470048 0.000000 1.844562
0.472087 0.000000 2.244587
0.478403 0.745579 2.350317
0.484816 0.000000 1.380498
0.487061 0.000000 2.095954
0.495353 0.000000 2.089407
0.504158 0.000000 2.630919
0.506296 0.064835 2.073644
0.516053 0.000000 1.908367
0.521798 0.000000 3.135303
